%# This file was created Thu Jul 14 17:10:36 2016
%# by the following command:
%# g_anaeig -f dcsa_310_3us.xtc -s npt_dcsa_310.gro -eig bbdcsa_310_eval.xvg -v bbdcsa_310_evec.trr -n 310_dcsa.ndx -first 1 -last 2 -2d bb310_dcsa_2dproj.xvg 
%# group 18 CA C O N backbone atoms 
%# g_anaeig is part of G R O M A C S:
%#
%# GRowing Old MAkes el Chrono Sweat
%#
%#@    title "2D projection of trajectory"
%#@    xaxis  label "projection on eigenvector 1 (nm)"
%#@    yaxis  label "projection on eigenvector 2 (nm)"
%#@TYPE xy
   1.19212   -0.21735
   1.42775   -0.58364
   1.35757   -0.86417
   1.01251   -0.78272
   1.29335   -0.98384
   1.70446    0.26495
   1.52261    0.07543
   1.53941    0.25263
   1.62016    0.13419
   1.66502    0.11351
   1.74494    0.23554
   1.81124    0.37502
   1.62775    0.09825
   1.61138    0.20117
   1.71017    0.14963
   1.76640    0.34014
   1.54553    0.02669
   1.64358    0.56336
   1.53198    0.26033
   1.80243    0.14520
   1.91890    0.26072
   1.93798    0.43125
   1.90127    0.29731
   1.75013    0.29342
   1.71787    0.14404
   1.62076    0.66513
   1.59725    0.44018
   1.11985   -0.65434
   1.18405   -0.82794
   1.35304   -0.57919
   1.12778   -0.96471
   1.33930   -0.88326
   1.82071    0.23509
   1.64313    0.10695
   1.85234    0.21365
   1.68302    0.27372
   1.82572    0.60464
   1.79853    0.24539
   1.76363    0.01889
   1.76365    0.41870
   1.55067   -0.03977
   1.82887    0.37987
   1.62773    0.12293
   1.55743    0.14308
   1.68369    0.36783
   1.67113    0.48927
   1.59799    0.32929
   1.57703    0.02646
   1.71921    0.15814
   1.83676    0.18319
   1.25605   -0.80836
   1.22820   -0.42039
   1.06600   -0.84717
   1.31976   -0.89891
   1.15549   -0.63953
   0.86098   -0.74755
   1.37686   -0.74461
   1.71529    0.08134
   1.59478    0.19804
   1.70383    0.31107
   1.66599    0.17842
   1.49740    0.09347
   1.57202   -0.01725
   1.68386   -0.00422
   1.79072    0.00373
   1.45693   -0.09519
   1.75323    0.43216
   1.74001   -0.04517
   1.93703    0.12960
   1.67196    0.11887
   1.70171    0.64755
   1.81792    0.04906
   1.61416    0.11849
   1.14058   -0.46762
   1.08173   -0.82945
   1.17031   -0.47387
   0.88343    0.32720
   0.97002    0.04342
   1.01891    0.16322
   1.30694   -0.04776
   1.40400    0.01034
   1.13434   -0.03409
   1.08965   -0.06354
   1.63372   -0.00060
   1.64103   -1.01025
   1.94007   -0.86806
   1.39723   -1.14184
   2.01891   -0.69992
   1.68975    0.03841
   1.95939   -0.01646
   1.74623    0.50798
   2.09384    0.22636
   1.94423    0.38613
   1.73168   -0.06013
   1.95708   -0.05236
   2.01911    0.10980
   1.86212    0.04036
   2.00643   -0.32891
   1.64195   -0.30702
   1.99503    0.05351
   1.98836    0.10312
   1.76764    0.05117
   2.10010    0.18341
   1.52890   -0.50989
   1.09128   -0.64696
   1.95892    0.21414
   1.55734   -0.24461
   1.76473    0.11517
   1.60802    0.06293
   2.03911    0.39772
   1.71750    0.16350
   1.81786    0.05731
   1.23293    0.54963
   1.41878    0.50880
   1.14479    0.33346
   1.36663    0.42639
   1.68280    0.08310
   1.94882    0.41851
   2.08900    0.32973
   2.00399    0.21240
   2.07874    0.30135
   2.06237    0.36396
   1.66793    0.03517
   2.06076    0.38575
   2.06201    0.28613
   2.08346    0.18429
   1.31576    0.42975
   1.29799   -0.20829
   1.27283   -0.35014
   1.43920    0.20489
   1.44152    0.16459
   1.25915   -0.17561
   1.26053    0.31605
   1.23848    0.50612
   1.26180   -0.28871
   1.37172    0.17287
   1.53161    0.07964
   1.21768    0.33644
   1.35102    0.20275
   1.50815   -0.29719
   1.46414   -0.13250
   1.14632    0.47704
   1.33925    0.50586
   1.76668    0.00935
   2.04733    0.43573
   2.06686    0.20234
   1.93794    0.09732
   2.14153    0.11788
   1.98661    0.17615
   1.35017    0.36947
   0.90640    0.21246
   1.36133    0.35615
   1.67176    0.14043
   2.02972    0.22878
   1.90762    0.24831
   2.10526    0.15699
   1.91748    0.14282
   2.02390    0.16139
   2.03185    0.24781
   1.80497   -0.07000
   2.07980    0.10708
   1.70960   -0.08860
   1.16332    0.55178
   1.31763    0.38200
   1.84330    0.40509
   1.23451    0.52531
   1.42328    0.20129
   1.38427    0.41524
   1.75079    0.27836
   1.86508    0.42074
   1.98050    0.25412
   1.90063    0.47247
   2.01446    0.19819
   2.05133    0.24920
   1.88394    0.27906
   1.94506    0.25660
   2.08729    0.28893
   1.87172    0.39486
   1.64238    0.12304
   1.20520    0.11824
   1.25678    0.27590
   1.42052    0.27840
   1.68587   -0.04462
   1.90663   -0.10339
   1.87815    0.27011
   2.08822    0.22478
   2.11354    0.10499
   1.76409   -0.14774
   1.31056    0.65771
   1.96609    0.36929
   1.27786    0.33833
   0.86560    0.15341
   2.08589    0.34150
   2.04202    0.20864
   1.42976   -0.01988
   2.13156    0.38273
   1.97082    0.12111
   1.93920    0.15054
   1.91400    0.21006
   1.84372    0.15881
   1.99398    0.32212
   1.43290    0.02201
   1.42656    0.20530
   2.04127    0.08188
   2.07902    0.32182
   1.95156    0.34477
   1.33387    0.06821
   1.19476    0.19373
   1.90707    0.38366
   2.02341    0.16527
   2.07267    0.26322
   1.65534    0.30674
   1.04285    0.26519
   1.36919    0.43470
   1.58219   -0.02749
   1.99966    0.23286
   2.08574    0.16606
   1.82593    0.15995
   2.07684    0.22222
   2.02962    0.23287
   1.95623    0.23839
   1.93111    0.14448
   2.13744    0.14250
   1.95085    0.05681
   1.59432   -0.19785
   1.47795   -0.23985
   1.75491   -0.01643
   1.93578    0.24804
   1.90937    0.31931
   2.12185    0.06720
   2.05226    0.06444
   2.02462    0.12999
   1.71189   -0.36634
   1.84122    0.00520
   2.05642    0.24924
   2.10460    0.21193
   0.94412    0.20948
   1.00628    0.03113
   1.49998    0.03876
   1.38385    0.10692
   1.15063    0.38447
   1.54326   -0.45598
   1.12369    0.15803
   1.37621    0.36556
   1.47897   -0.32141
   1.91287    0.39338
   2.05827    0.20557
   1.39284   -0.06378
   1.86705    0.44576
   2.01935    0.31906
   1.60129    0.49379
   2.06724    0.25901
   2.12837    0.37739
   1.87256    0.28833
   2.03031    0.32243
   1.84476    0.29387
   1.82400    0.28619
   1.80251    0.10185
   2.05359    0.20793
   2.00639    0.24571
   1.52006   -0.07819
   1.85411   -0.00604
   1.99307    0.40360
   1.79307    0.24996
   1.96145    0.36425
   1.99418    0.29451
   1.97843    0.29090
   1.21157    0.38500
   1.87712    0.21586
   2.09017    0.13413
   1.69882   -0.17583
   1.98935    0.18004
   1.73906   -0.02977
   1.95396    0.39521
   1.50841   -0.66830
   1.35584   -0.52357
   1.89493    0.24866
   1.73810    0.05998
   1.83245    0.45491
   1.93253    0.25152
   1.88234    0.12019
   2.01001    0.26728
   1.72263    0.17572
   1.82093    0.10007
   2.03195    0.19156
   2.11092    0.22746
   1.98762    0.36915
   1.85623   -0.92069
   1.71110   -0.98717
   1.64984   -1.12325
   1.65179   -1.15212
   1.46793   -0.71450
   1.16785   -0.48276
   1.35798   -1.04996
   1.74591   -0.83110
   1.66200   -1.03820
   1.79906   -0.97914
   1.69112   -1.00326
   1.55414   -0.97502
   1.63807   -1.03149
   1.76889   -0.80785
   1.61835   -0.96828
   1.51746   -0.99124
   1.73580   -1.02318
   1.60500   -1.03540
   1.42799   -0.98143
   1.79677   -0.95751
   1.76808   -0.93542
   1.64584   -1.06472
   1.69021   -1.04478
   1.67480   -1.11484
   1.98083   -0.60064
   1.75662   -1.02335
   1.94528   -0.92733
   1.97762   -0.92947
   1.87588   -0.77241
   1.74135   -0.74646
   1.86139   -0.70149
   1.74807   -0.94190
   1.57539   -1.13381
   1.86260   -0.77336
   1.40584   -0.93052
   1.54348   -1.17650
   1.60636   -0.91954
   1.84278   -0.99400
   1.95230   -0.08257
   1.90138    0.02855
   1.85338    0.35242
   1.43669    0.28758
   1.36696    0.21905
   1.25638    0.08508
   1.33334    0.10824
   1.32530    0.03374
   1.98053    0.22900
   1.84303   -0.00597
   1.95897    0.29813
   1.70642   -0.03614
   2.07644    0.25067
   1.41974    0.23509
   1.47823    0.35496
   0.84226    0.37104
   1.22283   -0.04554
   1.34730    0.42487
   1.37123    0.34226
   1.12505    0.31506
   1.19723    0.14168
   1.17963    0.12625
   1.18821    0.25380
   1.21896   -0.09041
   1.48295   -0.00472
   1.27749   -0.01157
   1.06406   -0.17180
   1.04053   -0.58041
   0.99634   -0.34407
   0.80506    0.45891
   1.20689    0.32296
   1.07415   -0.29105
   1.18198   -0.11096
   1.41368   -0.08388
   1.67721   -0.02636
   1.34466    0.09005
   2.04288    0.34710
   1.92785    0.18045
   1.33091   -0.02532
   1.00569   -0.15950
   1.21463    0.18705
   1.27123    0.24772
   0.69800    0.08616
   0.84996    0.35720
   0.79854   -0.17541
   0.81075   -0.36737
   1.24882   -0.60273
   1.29544   -0.37485
   0.97564   -0.20802
   0.63346   -0.24280
   0.86743   -0.23497
   0.98188   -0.05074
   0.83901   -0.10817
   1.10003   -0.52493
   0.88809   -0.09378
   0.75704   -0.14701
   0.19489    0.46745
   1.02446   -0.10385
   0.69319   -0.21838
   0.61315    0.01489
   0.85678   -0.17946
   0.87977   -0.44817
   0.20022    0.16890
  -0.34530   -0.29144
  -0.41140   -0.27982
  -0.26439   -0.30305
  -0.19650   -0.17891
  -0.24187   -0.05593
  -0.41449   -0.15399
  -0.18123   -0.51002
  -0.39900   -0.37852
  -0.35832   -0.40163
  -0.20614   -0.44771
  -0.15461    0.70191
  -0.07213   -0.17044
  -0.29438    0.03440
  -0.12901   -0.51984
  -0.11687    0.44031
  -0.21288    0.13539
  -0.29627   -0.16928
  -0.18218   -0.04331
  -0.32289   -0.24059
  -0.09678   -0.15647
  -0.41356   -0.18332
  -0.12796    0.55838
  -0.28827   -0.14790
  -0.25346    0.51339
  -0.39687   -0.10452
  -0.29176    0.00134
  -0.10003   -0.53053
  -0.22935   -0.21874
  -0.22053   -0.40282
  -0.17814   -0.39528
  -0.29309   -0.40357
  -0.17698   -0.35871
  -0.28930   -0.46762
  -0.20535   -0.24903
  -0.23399   -0.53536
  -0.44051   -0.33060
  -0.41977   -0.07083
  -0.14660   -0.27621
  -0.28437   -0.20188
  -0.21436   -0.40750
  -0.43592   -0.08842
  -0.34328   -0.23481
  -0.16201   -0.40886
  -0.30760   -0.42801
  -0.42699   -0.30458
  -0.26271   -0.14665
  -0.21450   -0.46762
  -0.39314   -0.22208
  -0.18693   -0.26382
  -0.12111   -0.46387
  -0.22151   -0.39259
  -0.25258    0.11001
  -0.12239   -0.33361
  -0.13811   -0.28504
   0.12592   -0.38550
  -0.15231   -0.46081
  -0.28587   -0.29074
  -0.06442   -0.50252
  -0.25673   -0.20716
  -0.17089   -0.17314
  -0.25016   -0.63337
  -0.22423   -0.35979
  -0.40790   -0.12067
  -0.17052    0.09137
  -0.40134   -0.10895
  -0.38013   -0.12525
  -0.19986   -0.43444
  -0.20834   -0.26294
  -0.17172   -0.44982
  -0.24356   -0.41568
  -0.38841    0.15449
  -0.34426    0.12459
  -0.18907   -0.41973
  -0.21193   -0.31029
  -0.31251   -0.42262
  -0.20452   -0.38086
  -0.21493   -0.31339
  -0.34752   -0.35176
  -0.46828   -0.37638
  -0.15912   -0.20436
  -0.29541   -0.46255
  -0.27828   -0.20112
  -0.34031   -0.28825
  -0.22249   -0.12449
  -0.23264   -0.25524
  -0.20399   -0.31026
  -0.19186   -0.04556
  -0.07980   -0.36682
  -0.36360   -0.11615
  -0.41794   -0.19533
  -0.42591   -0.26102
  -0.33009   -0.24681
  -0.37508   -0.19904
  -0.26067   -0.15186
  -0.18718   -0.23262
  -0.33092   -0.16185
  -0.30906   -0.22068
  -0.28909   -0.39727
  -0.27380   -0.38433
  -0.16384   -0.20314
  -0.14033    0.14477
  -0.28074   -0.19537
  -0.03177   -0.26104
  -0.31172   -0.32895
  -0.31742   -0.24138
  -0.25891   -0.25096
  -0.47698    0.22782
  -0.35054   -0.27919
  -0.23833   -0.28136
  -0.15020   -0.32936
  -0.28054   -0.17587
  -0.18748   -0.17293
  -0.22274   -0.18290
  -0.07859   -0.40039
  -0.19910   -0.21122
  -0.22077   -0.37082
  -0.12483   -0.09090
  -0.23189   -0.44536
  -0.26958   -0.30805
  -0.17781   -0.58965
  -0.23209   -0.40229
  -0.22694   -0.12260
  -0.25356   -0.38824
  -0.10629   -0.21608
  -0.34085   -0.37139
  -0.18098   -0.55108
  -0.21608   -0.18087
  -0.14493   -0.25127
  -0.19561   -0.42968
  -0.21255   -0.44212
  -0.31662   -0.17486
  -0.25003   -0.21957
  -0.27509    0.10184
  -0.24839   -0.20137
  -0.18263   -0.21786
  -0.15407   -0.17973
  -0.39852   -0.32704
  -0.31659   -0.16833
  -0.36687   -0.28425
  -0.28698   -0.13899
  -0.28556   -0.35349
  -0.43455    0.00796
  -0.42204   -0.09340
  -0.18766   -0.51166
  -0.08407   -0.32722
  -0.27197   -0.09000
  -0.15422   -0.50515
  -0.20050   -0.13800
  -0.25130   -0.24242
  -0.27548   -0.11980
  -0.13709   -0.16377
  -0.11909    0.06110
  -0.40151   -0.27170
  -0.11885   -0.19048
  -0.26119   -0.21928
  -0.24863   -0.20697
  -0.45920   -0.16473
  -0.23544   -0.39002
  -0.08643   -0.08657
  -0.06628   -0.53546
  -0.03824   -0.62532
  -0.18172   -0.45400
  -0.11621   -0.25491
  -0.13169   -0.43740
  -0.05598   -0.38514
  -0.34135    0.08063
  -0.32195   -0.04887
  -0.27595   -0.48376
  -0.27110   -0.24515
  -0.36972   -0.26920
  -0.21014   -0.17840
  -0.06675   -0.41721
  -0.24855   -0.10734
  -0.23564   -0.32681
  -0.26459   -0.19431
  -0.33642   -0.59142
  -0.20739   -0.32301
  -0.15281   -0.24542
  -0.11215   -0.25711
  -0.30443    0.12884
  -0.12271   -0.36053
  -0.26271   -0.48263
  -0.22817   -0.24060
  -0.14792   -0.59705
  -0.21199   -0.03961
  -0.16356   -0.19535
  -0.32795   -0.32399
  -0.10115    0.00977
  -0.17545   -0.26684
  -0.29693   -0.42884
  -0.30051    0.00483
  -0.05030   -0.25279
  -0.23366   -0.40822
  -0.27709   -0.37583
  -0.26447   -0.43334
  -0.30683   -0.16312
  -0.35889   -0.15560
  -0.13821   -0.26232
  -0.34126   -0.18287
  -0.17247   -0.34735
  -0.33643   -0.38439
  -0.40977   -0.04041
  -0.19770   -0.26230
  -0.21543    0.04449
  -0.15627   -0.33619
  -0.29223   -0.23162
  -0.22675   -0.40272
  -0.24367   -0.28704
  -0.17069   -0.53489
  -0.18199   -0.05449
  -0.32728   -0.19801
  -0.21267   -0.50578
  -0.28908   -0.42639
  -0.27507   -0.31386
  -0.15468    0.21319
  -0.29039    0.23106
  -0.37790    0.15707
  -0.29030    0.28606
  -0.20314   -0.02539
  -0.27048    0.50591
  -0.24303   -0.04878
  -0.07808   -0.04311
  -0.18904    0.24188
  -0.14237    0.27622
  -0.15906   -0.18646
  -0.24708    0.55893
  -0.19953    0.38294
  -0.26642   -0.04454
  -0.32020   -0.13283
  -0.16048   -0.39066
  -0.16516    0.19280
  -0.17557    0.53835
  -0.31701    0.39489
  -0.24556    0.58314
  -0.16849    0.35870
  -0.30331    0.22695
  -0.23352    0.28299
  -0.16479   -0.17607
  -0.46675    0.06742
  -0.21890   -0.05852
  -0.14741    0.14409
  -0.21707    0.34391
  -0.22726    0.24428
  -0.32634   -0.21092
  -0.20110    0.63765
  -0.33068    0.31360
  -0.22755    0.72035
  -0.20388    0.08168
  -0.21049    0.08965
   0.01935    0.19657
  -0.36206    0.20317
  -0.22541    0.06383
  -0.35801    0.53373
  -0.21473    0.55653
  -0.13461    0.55986
  -0.19935    0.30854
  -0.34481    0.24387
  -0.24085    0.61281
  -0.21874    0.24853
  -0.24146    0.68454
  -0.39543    0.01692
  -0.33870    0.30609
  -0.25927    0.17586
  -0.47274   -0.04885
  -0.16956    0.34011
  -0.23018   -0.03377
  -0.11250    0.19272
  -0.42121    0.37464
  -0.19237    0.21088
  -0.31106    0.14749
  -0.19702   -0.04120
  -0.31812    0.48055
  -0.21181    0.36825
  -0.37439    0.01663
  -0.11927   -0.09522
  -0.32214    0.20483
  -0.39522    0.24337
  -0.26007    0.55393
  -0.24079    0.29221
  -0.35116    0.04328
  -0.25494   -0.03308
  -0.20881   -0.21748
  -0.38210   -0.20235
  -0.32391    0.64244
  -0.27407    0.67478
  -0.30636   -0.11488
  -0.18670    0.16403
  -0.10561    0.09407
  -0.21230    0.48039
  -0.23394    0.05404
  -0.19848    0.22097
  -0.23587   -0.13739
  -0.16633    0.30884
  -0.25210   -0.23370
  -0.13596    0.04054
  -0.28277    0.07140
  -0.22107   -0.01526
  -0.43316    0.34585
  -0.41107    0.03132
  -0.23684    0.60702
  -0.14266    0.38590
  -0.28364   -0.05061
  -0.28192   -0.18311
  -0.13229    0.34351
  -0.27927    0.26391
  -0.30490    0.45333
  -0.16972    0.24177
  -0.13815    0.12188
  -0.39846    0.23271
  -0.28766    0.17052
  -0.27691   -0.15822
  -0.20688    0.40360
  -0.21913    0.61440
  -0.22043    0.11174
  -0.24553    0.30144
  -0.28948    0.00537
  -0.16735    0.35355
  -0.08008    0.22890
  -0.26950    0.18803
  -0.33460    0.24277
  -0.36533    0.07223
  -0.24042    0.02323
  -0.16865    0.23684
  -0.14981    0.11789
  -0.18808    0.19095
  -0.16641    0.22509
  -0.28634    0.60199
  -0.14409    0.05907
  -0.24091    0.68050
  -0.21207    0.64051
  -0.18275   -0.02400
  -0.27002   -0.05347
  -0.15617    0.14411
  -0.19058    0.31301
  -0.14166    0.35566
  -0.25846    0.06495
  -0.19632    0.25809
  -0.35009   -0.02146
  -0.15875    0.25383
  -0.24141   -0.08564
  -0.18240   -0.21284
  -0.14965    0.39619
  -0.28842   -0.07607
  -0.22339    0.27854
  -0.25109    0.37873
  -0.30267   -0.11129
  -0.19997    0.10335
  -0.42453    0.11200
  -0.19370   -0.10405
  -0.11704    0.21796
  -0.14289    0.15499
  -0.18466    0.16498
  -0.29979   -0.08267
  -0.31284    0.05080
  -0.25085    0.88121
  -0.16239    0.57479
  -0.24223    0.10787
  -0.33288    0.14347
  -0.09303   -0.00368
  -0.16491    0.36894
  -0.10866    0.20600
  -0.34005    0.42128
  -0.29206    0.37311
  -0.16783    0.17066
  -0.34189    0.15022
  -0.18152    0.43080
  -0.18635    0.25064
  -0.29522    0.17324
  -0.17655    0.20777
  -0.40216    0.26987
  -0.22219    0.10868
  -0.23905    0.78320
  -0.24743   -0.14186
  -0.21405    0.12073
  -0.14124    0.10862
  -0.21124    0.28465
  -0.09087    0.04817
  -0.14838   -0.07359
  -0.15612    0.35443
  -0.23217    0.22985
  -0.05472    0.22640
  -0.15917   -0.24712
  -0.18035    0.79862
   0.01507    0.40651
  -0.28988    0.06970
  -0.12858    0.27491
  -0.29096   -0.09480
  -0.27502    0.10584
  -0.29983    0.82860
  -0.16926    0.43982
  -0.32976   -0.00650
  -0.12225    0.67005
  -0.20423    0.35274
  -0.28909    0.07912
  -0.13753   -0.21089
  -0.36312    0.36434
  -0.15715   -0.19827
  -0.22718    0.05415
  -0.28147    0.57934
  -0.35254    0.51319
  -0.30002    0.10986
  -0.28287    0.29691
  -0.19240   -0.36946
  -0.28423    0.32666
  -0.18465   -0.15169
  -0.19889    0.37433
  -0.26345   -0.09404
  -0.28110    0.12905
  -0.15176    0.10147
  -0.16484   -0.11096
  -0.36822    0.04642
  -0.22973    0.29277
  -0.23707    0.64677
  -0.03140    0.01741
  -0.23318    0.69522
  -0.32538    0.56151
  -0.23314   -0.02401
  -0.13570    0.20864
  -0.34261    0.24089
  -0.31345   -0.05820
  -0.36813   -0.07761
  -0.23766   -0.26726
  -0.26594    0.11983
  -0.24253   -0.17008
  -0.24451    0.26540
  -0.04472    0.29926
  -0.28652    0.16236
  -0.23741    0.52255
  -0.18621    0.16244
  -0.26456    0.03412
  -0.34440    0.18880
  -0.20234    0.02806
  -0.26823    0.01324
  -0.22002    0.49248
  -0.19899    0.72147
  -0.46260    0.04541
  -0.39030    0.10747
  -0.25809    0.21498
  -0.45095    0.15299
  -0.15090   -0.08771
  -0.28148    0.16427
  -0.24311    0.69107
  -0.23106   -0.09144
  -0.17488   -0.11849
  -0.17412    0.09890
  -0.27404    0.68786
  -0.26271   -0.07281
  -0.29709    0.04117
  -0.17104   -0.01448
  -0.31642   -0.10446
  -0.23114    0.21416
  -0.12992    0.00124
  -0.17781    0.51599
  -0.13327    0.03127
  -0.28199   -0.21316
  -0.27570   -0.20794
  -0.19672    0.16157
  -0.27572   -0.03798
  -0.35995    0.05412
  -0.32355    0.55899
  -0.26077    0.03194
  -0.27499    0.35699
  -0.33059    0.33133
  -0.27866   -0.19863
  -0.09681    0.27904
  -0.25894    0.23068
  -0.44288    0.13435
  -0.27313    0.00124
  -0.24847   -0.20132
  -0.26443   -0.09782
  -0.19832    0.68582
  -0.07778   -0.30393
  -0.27938    0.67515
  -0.27402   -0.08688
  -0.19333   -0.11952
  -0.33652   -0.05228
   0.17262   -0.29154
  -0.13223    0.11460
  -0.20881    0.24281
  -0.21427    0.66778
  -0.19677    0.29713
  -0.25283    0.38447
  -0.28352    0.32655
  -0.46334    0.09580
  -0.20788    0.54492
  -0.29327   -0.04678
  -0.15840   -0.06546
  -0.15049    0.18872
  -0.24989    0.25964
  -0.16647    0.47869
  -0.35544   -0.04390
  -0.32999    0.44965
  -0.29751    0.23275
  -0.10479    0.40302
  -0.14959    0.77110
  -0.25105   -0.10537
  -0.14537   -0.21939
  -0.24098    0.44014
  -0.32456    0.19705
  -0.26133    0.44348
  -0.05320    0.14466
  -0.12896    0.11932
  -0.08497    0.72625
  -0.19218    0.38720
  -0.30313    0.34618
  -0.24195    0.08171
  -0.28243   -0.13654
  -0.23932   -0.14376
  -0.27271    0.01320
  -0.18601    0.44080
  -0.32312    0.40426
  -0.29107    0.27263
  -0.22000    0.46186
  -0.17095    0.15802
  -0.51521    0.26018
  -0.17628    0.59267
  -0.23007   -0.13579
  -0.20505    0.67272
  -0.33467    0.03923
  -0.12877    0.66657
  -0.22067    0.15914
  -0.30403    0.42809
  -0.29753    0.36519
  -0.15234    0.31964
  -0.29102    0.36347
  -0.27030    0.15824
  -0.16533    0.42417
  -0.23641    0.34866
  -0.18799    0.60571
  -0.17780    0.53949
  -0.38184   -0.01012
  -0.20782    0.62294
  -0.08627    0.12317
  -0.17818   -0.16381
  -0.16048    0.25024
  -0.29264    0.34593
  -0.25737    0.14499
  -0.25226    0.54818
  -0.32206    0.13443
  -0.22500   -0.21008
  -0.29187   -0.10056
  -0.25927    0.38797
  -0.27743    0.14757
  -0.44536    0.08523
  -0.23833    0.20074
  -0.43873    0.09193
  -0.18192   -0.14781
  -0.31498    0.10290
  -0.31089   -0.01854
  -0.23652    0.06408
  -0.35288   -0.09906
  -0.25283   -0.18094
  -0.44515    0.16737
  -0.26056    0.31369
  -0.13773    0.45963
  -0.17778    0.37385
  -0.22887    0.11644
  -0.25388    0.04921
  -0.14842    0.15852
  -0.12012   -0.26429
  -0.11514   -0.14744
  -0.32272   -0.13580
  -0.45663    0.20968
  -0.31971    0.61877
  -0.19490    0.08841
  -0.18859    0.30597
  -0.23421    0.30581
  -0.10576   -0.17776
  -0.27528    0.01218
  -0.21616    0.42801
  -0.21326    0.53059
  -0.24543    0.10808
  -0.17710   -0.07578
  -0.30848    0.18035
  -0.25363    0.37719
  -0.18968    0.09544
  -0.31085    0.30705
  -0.30495   -0.08677
  -0.36312    0.22427
  -0.23641   -0.03281
  -0.21340    0.03143
  -0.31753    0.31988
  -0.39887   -0.23163
  -0.38519    0.18670
  -0.44341    0.39235
  -0.30946    0.06829
  -0.21666    0.27790
  -0.35018   -0.06309
  -0.29817   -0.01414
  -0.33693   -0.01523
  -0.15018    0.16990
  -0.44590    0.30306
  -0.17422    0.03979
  -0.24957    0.36778
  -0.23031    0.10310
  -0.08761    0.19325
  -0.27907    0.03561
  -0.22831    0.50208
  -0.25580    0.44877
  -0.14893    0.60416
  -0.08398    0.11085
  -0.22020    0.29299
  -0.33012   -0.03519
  -0.06210   -0.34563
  -0.06223   -0.19174
  -0.28177   -0.11624
  -0.10471    0.20240
  -0.24482    0.26414
  -0.21504    0.22596
  -0.18691    0.30447
  -0.17793    0.14631
  -0.10954    0.28162
  -0.29639   -0.05636
  -0.22871    0.45285
  -0.03027   -0.19737
  -0.22252    0.09792
  -0.24513    0.18792
  -0.22147    0.39074
  -0.28283    0.35654
  -0.28235    0.12937
  -0.22337    0.51518
  -0.21629   -0.05571
  -0.22669    0.03675
  -0.24326    0.61218
  -0.18946    0.29912
  -0.09357   -0.38767
  -0.22595    0.32635
  -0.22384    0.47024
  -0.20284    0.41456
  -0.45209    0.02225
  -0.22507    0.47771
  -0.06746   -0.04806
  -0.23973    0.00362
  -0.23238    0.31107
  -0.23225    0.31105
  -0.14903    0.20441
  -0.26011    0.14034
  -0.43000    0.08134
  -0.21280    0.06735
  -0.31276    0.01734
  -0.27413   -0.05148
  -0.31141    0.26688
  -0.42876    0.16571
  -0.19411    0.38671
  -0.25723    0.69339
  -0.28266    0.10482
  -0.22220    0.51681
  -0.18139    0.27441
  -0.13228   -0.06859
  -0.17161   -0.03350
  -0.39315    0.10787
  -0.21012   -0.16257
  -0.12864    0.00026
  -0.27385    0.10606
  -0.21916   -0.07501
  -0.28811    0.26597
  -0.04296   -0.52819
  -0.22282   -0.02862
  -0.32854   -0.11120
  -0.15403    0.12077
  -0.21513    0.21722
  -0.18650    0.20201
  -0.12841    0.43164
  -0.17622    0.18174
  -0.24442    0.20348
  -0.29266    0.10529
  -0.22555   -0.07771
  -0.23027    0.51779
  -0.27696   -0.09018
  -0.21733   -0.30741
  -0.11701   -0.01716
  -0.17247    0.02679
  -0.15186   -0.00347
  -0.33238    0.06717
  -0.09456   -0.15183
  -0.13822    0.13165
  -0.36266   -0.12004
   0.02529   -0.23946
  -0.41465    0.09663
  -0.25010    0.15915
  -0.20921    0.19102
  -0.24906   -0.15266
  -0.37127   -0.24338
  -0.27078   -0.03973
  -0.25804   -0.02522
  -0.23562    0.25093
  -0.17295   -0.12666
  -0.27078    0.26588
  -0.26834    0.16722
  -0.21514    0.25610
  -0.20282    0.24853
  -0.22952    0.60865
  -0.42986    0.05749
  -0.14873    0.32516
  -0.17659    0.29287
  -0.07897    0.43216
  -0.21430    0.19194
   0.57923    0.30709
  -0.32382    0.29710
  -0.18294    0.36129
  -0.17919    0.05197
  -0.27056   -0.33111
  -0.25536    0.41069
  -0.28836    0.29174
  -0.31361   -0.30690
  -0.15712    0.57299
  -0.33504   -0.06743
  -0.23722    0.42429
  -0.27258    0.09613
  -0.12340   -0.19552
  -0.25822   -0.12012
  -0.16363    0.16300
  -0.23804    0.02206
  -0.23227    0.60804
  -0.28789    0.17279
  -0.25919    0.26324
  -0.28267   -0.16707
  -0.32683   -0.05661
  -0.14784    0.09126
  -0.11190   -0.41596
  -0.33272    0.29182
  -0.45772   -0.02725
  -0.13130   -0.09841
  -0.19635    0.06607
  -0.18371    0.61261
  -0.35543    0.19622
  -0.28388    0.06832
  -0.21029    0.02760
  -0.19578    0.35749
  -0.13030    0.08362
  -0.18151    0.50151
  -0.17628    0.24119
  -0.24295   -0.01965
  -0.21088    0.29131
  -0.09579    0.29219
  -0.17514    0.01478
  -0.26612   -0.14544
  -0.38820   -0.05045
  -0.34310   -0.21762
  -0.15178    0.62874
  -0.24647    0.43920
  -0.10667    0.30633
  -0.21928    0.32643
  -0.35551   -0.11171
  -0.20755    0.17714
  -0.34571    0.56275
  -0.20408   -0.02036
  -0.29847    0.08589
  -0.36545    0.14646
  -0.09636    0.16481
  -0.12904   -0.12968
  -0.23380    0.10091
  -0.14531    0.67365
  -0.06393    0.00986
  -0.25642   -0.18372
  -0.44366    0.73435
  -0.14433    0.33477
  -0.14632   -0.16134
  -0.29450    0.32463
  -0.26120    0.23938
  -0.28322    0.13728
  -0.31401    0.45077
  -0.21135    0.15235
  -0.20782    0.37445
  -0.20248    0.45067
  -0.12335    0.26715
  -0.31950   -0.02785
  -0.12219    0.19047
  -0.22813    0.20781
  -0.17420   -0.26227
  -0.12354    0.27993
  -0.23555    0.33770
  -0.25609    0.20629
  -0.23718    0.16858
  -0.22893    0.24505
  -0.22966   -0.15436
  -0.23248    0.34720
  -0.18037    0.10762
  -0.35301    0.38605
  -0.34998    0.12271
  -0.08656    0.05591
  -0.15287   -0.14821
  -0.24644    0.11159
  -0.08140   -0.09981
  -0.24387    0.13333
  -0.14591    0.30237
  -0.23418    0.13865
  -0.29962   -0.15912
  -0.14610   -0.13266
  -0.23131    0.54663
  -0.24914   -0.04605
  -0.28349    0.03379
  -0.17982    0.05402
  -0.18442    0.20888
  -0.12832    0.61787
  -0.27940    0.29194
  -0.18790    0.17148
  -0.14106   -0.27549
  -0.18559   -0.01373
  -0.17761   -0.06806
  -0.29363   -0.02000
  -0.31244    0.00649
  -0.33028    0.28363
  -0.11048    0.47650
  -0.24867    0.29104
  -0.26686    0.39310
  -0.25427    0.02590
  -0.28961    0.12273
  -0.36221    0.13326
  -0.39160    0.16390
  -0.25130   -0.26789
  -0.22478   -0.00621
  -0.28468    0.03797
  -0.26667   -0.07706
  -0.32699   -0.19257
  -0.39699    0.00771
  -0.45475   -0.14235
  -0.12868    0.17862
  -0.15321   -0.04941
  -0.23328   -0.06469
  -0.16087   -0.31084
  -0.16718   -0.37798
  -0.27931   -0.19271
  -0.16712   -0.03845
  -0.39874   -0.18547
  -0.25071   -0.42753
  -0.28929   -0.01440
  -0.22827   -0.40281
  -0.24789   -0.45012
  -0.27788   -0.16157
  -0.23733   -0.40402
  -0.44572   -0.05817
  -0.05152   -0.29098
   0.22837   -0.22841
  -0.17169   -0.45189
   0.13471   -0.01426
   0.22772   -0.35749
  -0.46607    0.05471
  -0.27149   -0.21682
  -0.27864   -0.28031
  -0.20835   -0.44881
  -0.40668   -0.25129
  -0.40841    0.00447
  -0.25378   -0.15323
  -0.19951   -0.26903
  -0.08841   -0.30592
  -0.23753   -0.18826
  -0.15965   -0.18767
  -0.12903   -0.30579
  -0.26009   -0.29642
  -0.21503   -0.42506
  -0.26089   -0.13377
  -0.41576   -0.15475
  -0.30425   -0.36365
  -0.25019   -0.35699
  -0.19571    0.24109
  -0.31027   -0.29889
  -0.19580    0.04565
  -0.27480   -0.33363
  -0.16135   -0.39081
  -0.22335   -0.38073
  -0.25523   -0.23795
  -0.44256   -0.07841
  -0.25050   -0.33490
  -0.28312   -0.19748
  -0.02394   -0.55520
  -0.29163   -0.29490
  -0.25590   -0.26109
  -0.37627   -0.33079
  -0.29731   -0.16827
  -0.20048   -0.02423
  -0.29409   -0.21306
  -0.21614   -0.44473
  -0.21130   -0.44206
  -0.29355   -0.29867
  -0.18870   -0.36509
  -0.17700   -0.11566
  -0.21496    0.03828
  -0.33443   -0.07949
  -0.23157   -0.30881
  -0.24990   -0.28346
  -0.31984   -0.17142
  -0.34854   -0.29576
  -0.16032   -0.38892
  -0.28632   -0.39984
  -0.23307   -0.45194
  -0.26738   -0.31906
  -0.30592   -0.42059
  -0.21598   -0.07890
  -0.18825   -0.39079
  -0.51045   -0.18250
  -0.18539   -0.49605
  -0.21850   -0.29338
  -0.22670   -0.43879
  -0.15929   -0.02328
  -0.26334   -0.20333
  -0.33607   -0.18898
  -0.14483    0.05095
  -0.30598   -0.28067
  -0.42070   -0.14050
  -0.35007   -0.28584
  -0.34991    0.10149
  -0.37940   -0.16447
  -0.45991   -0.34684
  -0.26600   -0.05640
  -0.28572   -0.21534
  -0.28659    0.02884
  -0.50750   -0.26897
  -0.23246   -0.36698
  -0.12039   -0.31735
  -0.33076   -0.43162
  -0.38230   -0.14851
  -0.21550   -0.15107
  -0.35597   -0.26623
  -0.11434   -0.13104
  -0.15861   -0.12001
  -0.13067   -0.37301
  -0.13076   -0.19122
  -0.16868   -0.22036
  -0.36443   -0.21371
   0.01949   -0.22344
  -0.16894   -0.25540
  -0.22123   -0.43996
  -0.28270   -0.49622
  -0.23572   -0.39383
  -0.40569   -0.12009
  -0.38199   -0.05579
  -0.27051   -0.02188
  -0.27964   -0.51236
  -0.11289   -0.21408
  -0.19096    0.21668
  -0.04841   -0.32192
  -0.15803   -0.11944
  -0.24923   -0.22173
  -0.11863   -0.30627
  -0.14656   -0.14590
  -0.07073   -0.29209
  -0.29349   -0.51590
  -0.16014   -0.06374
  -0.32170   -0.31148
  -0.21632   -0.15896
  -0.47304   -0.15867
  -0.18404   -0.42195
  -0.08116   -0.41997
  -0.23555   -0.29685
  -0.17351   -0.35642
  -0.39219   -0.33851
  -0.20191   -0.47925
  -0.42614   -0.18199
  -0.36872   -0.16169
  -0.35443   -0.38948
  -0.16109   -0.43859
  -0.14215    0.09676
  -0.25164   -0.22602
  -0.24255   -0.23067
  -0.17814   -0.31790
  -0.20831   -0.26962
  -0.28591   -0.24738
  -0.15812   -0.28590
  -0.27393   -0.36849
  -0.20838   -0.09256
  -0.21815   -0.23799
  -0.33546   -0.18072
  -0.21149   -0.02537
  -0.05753   -0.53074
  -0.22558   -0.32995
  -0.25355   -0.23579
  -0.24528   -0.26272
  -0.12362   -0.18599
   0.03270   -0.52580
  -0.18535   -0.12947
  -0.20536   -0.27039
  -0.19812   -0.21890
  -0.17804   -0.13230
  -0.25191   -0.30202
  -0.32264    0.66192
  -0.39077    0.11582
  -0.24746    0.14609
  -0.32259    0.23551
  -0.24851    0.47761
  -0.16693    0.33116
  -0.33877    0.22515
  -0.28409    0.32715
  -0.27108    0.69298
  -0.24305   -0.11823
  -0.30706    0.07802
  -0.21023    0.34582
  -0.14003    0.22449
  -0.22156    0.20910
  -0.31192    0.34941
  -0.26996   -0.04919
  -0.29755    0.34366
  -0.26374    0.50405
  -0.21279   -0.23195
  -0.30785    0.42138
  -0.36742    0.31959
  -0.34043    0.46337
  -0.14926    0.36730
  -0.17975    0.79388
  -0.36428    0.19776
  -0.27264    0.09392
  -0.24271   -0.06015
  -0.35022    0.41396
  -0.20430   -0.08311
  -0.21060    0.57319
  -0.22400    0.22681
  -0.19795    0.13306
  -0.23684    0.38493
  -0.25846   -0.18120
  -0.14830    0.16957
  -0.10185   -0.27210
  -0.12031    0.15156
  -0.38766   -0.00411
  -0.21058   -0.02722
  -0.28987    0.10055
  -0.23468    0.37274
  -0.40506    0.03160
  -0.04453    0.55653
  -0.31850    0.26817
  -0.18921   -0.16748
  -0.28495    0.10701
  -0.31677   -0.01383
  -0.10345    0.30619
  -0.14537    0.28794
  -0.17686    0.30050
  -0.11736    0.39415
  -0.24341    0.48272
  -0.41226   -0.00868
  -0.22860    0.05450
  -0.33126    0.24461
  -0.40834   -0.00071
  -0.29068    0.33323
  -0.38679   -0.05940
  -0.22856    0.14992
  -0.23388    0.41133
  -0.39207    0.14489
  -0.43136    0.45276
  -0.41156    0.00411
  -0.04799    0.53253
  -0.32306    0.03700
  -0.33227    0.01106
  -0.20188    0.19923
  -0.15520    0.84118
  -0.04497   -0.33604
  -0.20242    0.66173
  -0.21569    0.14353
  -0.22955    0.71218
  -0.16951    0.18178
  -0.37245    0.06402
  -0.31538    0.36109
  -0.28617   -0.07159
  -0.24064    0.37601
  -0.30415    0.22273
  -0.14891    0.16473
  -0.34371   -0.08804
  -0.25561   -0.08843
  -0.34571   -0.05950
  -0.11422   -0.25691
  -0.30301    0.16420
  -0.29795   -0.12772
  -0.33903    0.00231
  -0.33082    0.67042
  -0.15939    0.40450
  -0.20455   -0.21395
  -0.25193    0.60250
  -0.25768    0.64819
  -0.30951   -0.25790
  -0.20387    0.24043
  -0.19255    0.68326
  -0.19313    0.36686
  -0.14884    0.38064
  -0.26875    0.25489
  -0.32796   -0.11249
  -0.22467    0.16074
  -0.26620    0.28461
  -0.27675    0.26235
  -0.14763    0.01374
  -0.37253   -0.00012
  -0.23089    0.22771
  -0.19455   -0.29692
  -0.38283    0.04886
  -0.30947   -0.02865
  -0.48047    0.04034
  -0.12282    0.14455
  -0.26573    0.20608
  -0.25717    0.21448
  -0.37670    0.65240
  -0.28192    0.32058
  -0.05070   -0.04064
  -0.40884   -0.22233
  -0.16735    0.34515
  -0.28568    0.05418
  -0.07332    0.18615
  -0.18239    0.31081
  -0.30654    0.34528
  -0.25251   -0.08939
  -0.11346    0.14099
  -0.23336   -0.06977
  -0.18918    0.35669
  -0.20243    0.39631
  -0.16170    0.67056
  -0.37244    0.32486
  -0.17261   -0.06502
  -0.15309   -0.02975
  -0.19324   -0.20958
  -0.09588    0.43198
  -0.26740   -0.19947
  -0.25830    0.24479
  -0.20671    0.16305
  -0.31788    0.36817
  -0.11798   -0.00051
  -0.40195   -0.06557
  -0.20140   -0.16022
  -0.19232   -0.06520
  -0.10042   -0.01552
  -0.24970    0.24879
  -0.07258   -0.25900
  -0.15814    0.29508
  -0.19196    0.01583
  -0.35057   -0.06564
  -0.10138    0.10920
  -0.13568    0.28747
  -0.13321    0.08841
  -0.32923    0.28347
  -0.30844    0.16858
  -0.21096    0.20071
  -0.24175    0.20478
  -0.17890    0.19215
  -0.25343    0.33591
  -0.27722    0.17241
  -0.34356    0.09886
  -0.21613   -0.16275
  -0.16991    0.19837
  -0.24545    0.05408
  -0.31501    0.12952
  -0.13949   -0.15637
  -0.22125    0.58702
  -0.29182   -0.03826
  -0.21854   -0.10520
  -0.32721    0.14958
  -0.18032    0.59036
  -0.20285   -0.01189
  -0.17105    0.24879
  -0.31353    0.15860
  -0.27196    0.53392
  -0.22307   -0.13038
  -0.19812    0.26076
  -0.19608   -0.13884
  -0.11988    0.40801
  -0.35964    0.66640
  -0.19100    0.05866
  -0.35606    0.08614
  -0.12188   -0.11500
  -0.51450   -0.14100
  -0.27320    0.24612
  -0.33535    0.21943
  -0.28313    0.08491
  -0.07451   -0.18602
  -0.24856    0.12093
  -0.20658    0.82372
  -0.07272    0.26775
  -0.28784    0.17265
  -0.15917   -0.01987
  -0.36293   -0.18991
  -0.39271   -0.08445
  -0.45689   -0.24186
  -0.21551    0.33171
  -0.33867    0.17527
  -0.30225   -0.33687
  -0.22502   -0.36647
  -0.22190   -0.23311
  -0.36337    0.05345
  -0.25170    0.72124
  -0.28435    0.03791
  -0.22985   -0.08858
  -0.28284    0.12621
  -0.31386    0.39717
  -0.29084    0.18145
  -0.29060   -0.09518
  -0.16607    0.25846
  -0.34344   -0.00565
  -0.22083   -0.13434
  -0.26099   -0.04962
  -0.18078    0.72605
  -0.18531    0.42787
  -0.22598   -0.19084
  -0.26992   -0.19930
  -0.26882    0.06868
  -0.24393   -0.00110
  -0.23499    0.08144
  -0.14489    0.55279
  -0.27678   -0.28991
  -0.13848   -0.37989
  -0.30402   -0.13507
  -0.10425    0.36751
  -0.26237    0.11219
  -0.30896    0.21669
  -0.24942    0.25292
  -0.11454   -0.08141
  -0.37865    0.21970
  -0.29828    0.29487
  -0.35646    0.24551
  -0.17649    0.44488
  -0.16624    0.28648
  -0.34951    0.01537
  -0.20236   -0.15657
  -0.27894   -0.17759
  -0.22287    0.14361
  -0.08721   -0.20409
  -0.10531    0.64044
  -0.18204    0.20047
  -0.20443   -0.02236
  -0.18432   -0.13116
  -0.17627   -0.42607
  -0.16869   -0.06029
  -0.32596    0.04407
  -0.24086    0.63828
  -0.16410    0.36462
  -0.12494    0.60824
  -0.20056    0.74534
  -0.16532    0.16218
  -0.10211    0.32178
  -0.09818   -0.11537
  -0.21074   -0.24051
  -0.48419   -0.13887
  -0.17873   -0.27645
  -0.23472    0.16140
  -0.26523    0.29709
  -0.01745    0.27283
  -0.23825    0.45417
  -0.29310    0.58703
  -0.22824    0.36375
  -0.14011   -0.26205
  -0.24030   -0.21379
  -0.37153   -0.09717
  -0.45169    0.09836
  -0.34249   -0.00943
  -0.22533    0.16751
  -0.33098   -0.14018
  -0.16261    0.49745
  -0.13415    0.11352
  -0.30210    0.16419
  -0.19260    0.50462
  -0.09883    0.19761
  -0.21219    0.69629
  -0.20405    0.03532
  -0.25366   -0.14792
  -0.37127    0.10183
  -0.12008    0.13161
  -0.18491    0.46600
  -0.32191   -0.04730
  -0.30207    0.56314
  -0.17254    0.35352
  -0.18502    0.02845
  -0.23451    0.10266
  -0.33390    0.24306
  -0.21043    0.18446
  -0.24366    0.49497
  -0.39384    0.30434
  -0.22929    0.71591
  -0.24516    0.21426
  -0.15264    0.10048
  -0.38497    0.07562
  -0.22201    0.12389
  -0.24448    0.03593
  -0.21416    0.00533
  -0.21670   -0.00320
  -0.28443   -0.02638
  -0.09709    0.32570
  -0.06204    0.22551
  -0.26228    0.03388
  -0.24458    0.00003
  -0.16177    0.31375
  -0.12985    0.32481
  -0.29007   -0.10283
  -0.12898    0.10260
  -0.11768    0.19363
  -0.26325   -0.10045
  -0.23739    0.07283
  -0.02620    0.37935
  -0.27562    0.72126
  -0.19933    0.66979
  -0.13560   -0.16649
  -0.35377    0.07340
  -0.27191    0.28168
  -0.19979    0.11761
  -0.13996    0.04973
  -0.22429    0.02251
  -0.18452    0.21515
  -0.36421    0.26058
  -0.11165    0.47013
  -0.21297    0.24277
  -0.38023   -0.13978
  -0.16558    0.13608
  -0.24911   -0.00796
  -0.24135   -0.17746
  -0.34618   -0.07608
  -0.05164   -0.39535
  -0.23301    0.23384
  -0.17595    0.36107
  -0.20071    0.12969
  -0.22434    0.27692
  -0.23081    0.30591
  -0.32066   -0.18472
  -0.20910    0.29303
  -0.24451    0.07504
  -0.28875    0.31140
  -0.47024   -0.01661
  -0.19365   -0.19309
  -0.05197   -0.05114
  -0.12785    0.09453
  -0.42145   -0.37125
  -0.41531    0.03172
  -0.21044    0.45082
  -0.32372    0.07569
  -0.28367    0.06942
  -0.18523    0.31246
  -0.22873    0.44270
  -0.01577   -0.11528
  -0.24338    0.20000
  -0.23880    0.24878
  -0.23694    0.09201
  -0.21399    0.29625
  -0.37242    0.08731
  -0.24013   -0.03166
  -0.13794    0.29832
  -0.34178    0.17320
  -0.18912   -0.10009
  -0.19884    0.18660
  -0.03296   -0.03383
  -0.11991    0.06238
  -0.12764   -0.49876
  -0.38812    0.21939
  -0.24437    0.48199
  -0.12260   -0.18819
  -0.18223    0.57470
  -0.13117    0.37719
  -0.24804    0.16100
  -0.32815    0.24589
  -0.07936   -0.05637
  -0.38112   -0.17079
  -0.23615   -0.16434
  -0.38419   -0.09613
  -0.09079   -0.25633
  -0.37303    0.36004
  -0.19969    0.27914
  -0.37912   -0.04156
  -0.30080    0.55131
  -0.17497    0.26381
  -0.28283    0.31535
  -0.22392    0.19162
  -0.30618   -0.12005
  -0.03189   -0.26629
  -0.13876    0.06746
  -0.25784    0.36763
  -0.12292    0.28345
  -0.20840   -0.01837
  -0.16510    0.41322
  -0.22361   -0.05397
  -0.24820    0.21671
  -0.23036    0.50717
  -0.33863   -0.16858
  -0.35304    0.32223
  -0.13210   -0.00222
  -0.19042    0.18952
  -0.09129    0.19121
  -0.10987    0.28957
  -0.08638   -0.26581
  -0.31041    0.31897
  -0.21174    0.29621
  -0.16998   -0.24714
  -0.13829    0.11876
  -0.18754    0.25022
  -0.18933    0.42138
  -0.28150    0.17698
  -0.30948   -0.23670
  -0.26217    0.44805
  -0.20373   -0.28961
  -0.14401    0.46255
  -0.43987   -0.10169
  -0.16058    0.02753
  -0.38671   -0.02333
  -0.31240   -0.08109
  -0.24022   -0.27197
  -0.38693   -0.31771
  -0.18547   -0.31671
  -0.38096   -0.08480
  -0.26053   -0.23225
  -0.43087   -0.11965
  -0.41888   -0.09259
  -0.24522   -0.25769
  -0.22587   -0.40693
  -0.23216   -0.07678
  -0.08692   -0.80098
  -0.23200   -0.38454
  -0.45034   -0.24915
   0.06092   -0.40076
   0.08198   -0.39098
   0.19037   -0.35472
   0.08609   -0.38162
   0.18758   -0.34309
  -0.25266   -0.21617
  -0.21295   -0.58114
  -0.09211   -0.24743
  -0.34966   -0.34149
  -0.25984   -0.52582
  -0.28363   -0.21729
  -0.22297   -0.27032
  -0.23761   -0.26053
  -0.21251   -0.34709
  -0.24106   -0.00534
  -0.45047   -0.09145
  -0.28347   -0.02422
  -0.34410    0.53224
  -0.22650    0.13479
  -0.29896    0.00763
  -0.09370    0.17296
  -0.31434    0.27700
  -0.23966    0.10346
  -0.16293    0.52238
  -0.21285    0.52434
  -0.22492    0.23573
  -0.46796    0.22909
  -0.26682   -0.18507
  -0.19713   -0.21929
  -0.30987   -0.13551
  -0.33753    0.24114
  -0.33317    0.00731
  -0.27539    0.50605
  -0.14244    0.22281
  -0.27195   -0.11228
  -0.21770    0.12585
  -0.15610    0.47908
  -0.25406   -0.09519
  -0.29280    0.06729
  -0.24542    0.19119
  -0.29465    0.18880
  -0.27881    0.11319
  -0.26195    0.30257
  -0.50761   -0.01762
  -0.16398   -0.24764
  -0.47078    0.23822
  -0.14105   -0.15524
  -0.21384    0.30456
  -0.26012    0.34196
  -0.30070    0.01478
  -0.30741    0.05981
  -0.17838    0.09290
  -0.22722    0.02169
  -0.25624    0.13102
  -0.24828    0.20799
  -0.05399    0.05612
  -0.18068    0.17339
  -0.25477   -0.04876
  -0.21026    0.50197
  -0.13382    0.11762
  -0.35262    0.14059
  -0.09963    0.05242
  -0.21028    0.47107
  -0.37027   -0.22530
  -0.14382   -0.07769
  -0.13599   -0.12911
  -0.28797   -0.13491
  -0.24230    0.35499
  -0.28934   -0.14384
  -0.28842    0.36338
  -0.24931   -0.27788
  -0.21053    0.07371
  -0.20654   -0.14047
  -0.26785   -0.08856
  -0.25417    0.25738
  -0.36160    0.18531
  -0.29154    0.60074
  -0.15964    0.00214
  -0.23348    0.28854
  -0.12503    0.23382
  -0.34896    0.18503
  -0.18225    0.30632
  -0.10770    0.40655
  -0.28176   -0.05523
  -0.30278   -0.14541
  -0.16290   -0.22144
  -0.27107    0.00925
  -0.38982    0.31661
  -0.08055   -0.04589
  -0.20785   -0.04202
  -0.20649    0.01985
  -0.37378    0.00477
  -0.19140    0.17221
  -0.07203   -0.06212
  -0.36983   -0.06725
  -0.15253   -0.25258
  -0.27309    0.55737
  -0.15020    0.25519
  -0.09944    0.37777
  -0.28167   -0.22574
   0.00943    0.03410
  -0.38893    0.40612
  -0.14510   -0.20993
  -0.25900   -0.14804
  -0.28946    0.22738
  -0.20362   -0.04372
  -0.36737    0.31934
  -0.22297    0.67885
  -0.32238    0.57847
  -0.32372   -0.00270
  -0.30295   -0.07864
  -0.21691    0.40520
  -0.16492   -0.25466
  -0.27357    0.06560
  -0.25465    0.52063
  -0.21303    0.10155
  -0.22887    0.25036
  -0.31145    0.17705
  -0.24709    0.07880
  -0.37457   -0.10027
  -0.38080   -0.00510
  -0.31498    0.57054
  -0.14404   -0.07979
  -0.30859    0.14377
  -0.32431    0.14551
  -0.15832   -0.03879
  -0.04807   -0.46274
  -0.17585    0.18578
  -0.28693    0.59133
  -0.11026   -0.24380
  -0.19065    0.33925
  -0.25437    0.47065
  -0.29631    0.26310
  -0.30700    0.64229
  -0.25670    0.16520
  -0.24456    0.15821
  -0.30295    0.09997
  -0.24427   -0.01059
  -0.33187    0.30313
  -0.23549    0.32807
  -0.16732    0.44867
  -0.17749    0.18720
  -0.23084    0.07103
  -0.19953    0.19581
  -0.21210    0.45538
  -0.20042    0.01502
  -0.15815    0.22805
  -0.31353    0.46796
  -0.35825    0.24185
  -0.14517   -0.17006
  -0.25799   -0.16556
  -0.39197    0.19627
  -0.26807    0.06849
  -0.23739   -0.01984
  -0.24821    0.16675
  -0.30397    0.59195
  -0.28604   -0.23352
  -0.21446   -0.10467
  -0.18631    0.14327
  -0.23822    0.39615
  -0.32177    0.20221
  -0.19145    0.08058
  -0.24083    0.03490
  -0.24153    0.22866
  -0.29151    0.14890
  -0.12846    0.15203
  -0.13635    0.46846
  -0.34449    0.23853
  -0.28325   -0.06525
  -0.15944    0.03768
  -0.32430    0.40360
  -0.23160    0.27505
  -0.29895    0.08878
  -0.26647    0.23232
  -0.16431    0.13523
  -0.09229    0.19790
  -0.22606    0.33148
  -0.19274    0.59440
  -0.36781    0.13605
  -0.54186    0.07912
  -0.13598    0.02313
  -0.23229   -0.38862
  -0.25474    0.15307
  -0.25104    0.31198
  -0.18932    0.33341
  -0.27670    0.01285
  -0.40910   -0.02924
  -0.18345    0.17326
  -0.17984   -0.01846
  -0.32670    0.31370
  -0.21128    0.29590
  -0.26061    0.26846
  -0.15636    0.23880
  -0.28913    0.31940
  -0.25830    0.44102
  -0.28274    0.31502
  -0.11346   -0.06102
  -0.31021    0.08059
  -0.19814   -0.19754
  -0.15004    0.07880
  -0.21552    0.26375
  -0.27629    0.59928
  -0.29635    0.44706
  -0.29378    0.41186
  -0.14809    0.12546
  -0.40278    0.16546
  -0.16966    0.20695
  -0.40022    0.01513
  -0.26611    0.18368
  -0.32885   -0.02813
  -0.23806    0.26198
  -0.23975    0.17014
  -0.25987   -0.05413
  -0.32756   -0.09943
  -0.31405    0.14361
  -0.31388    0.03512
  -0.09406   -0.37608
  -0.24199    0.66510
  -0.24515    0.77110
  -0.43311    0.07955
  -0.19435   -0.47852
  -0.30640    0.23589
  -0.32796    0.34938
  -0.24465    0.02112
  -0.15859   -0.14446
  -0.14374    0.16704
  -0.18719   -0.06394
  -0.13084    0.15478
  -0.13723    0.09580
  -0.24668   -0.25874
  -0.31403   -0.17804
  -0.27205    0.37059
  -0.17649   -0.20151
  -0.28444    0.79971
  -0.04453    0.18316
  -0.16612    0.46377
  -0.17273   -0.04783
  -0.18345   -0.05076
  -0.25015    0.46490
  -0.38877    0.26685
  -0.43872    0.13396
  -0.39505   -0.05273
  -0.22764    0.23461
  -0.20186    0.60086
  -0.28570    0.32698
  -0.21193   -0.48984
  -0.22959    0.36247
  -0.10858    0.30097
  -0.13485    0.21264
  -0.16312    0.08473
  -0.15440    0.14677
  -0.31742    0.26758
  -0.30211    0.31363
  -0.23652   -0.09367
  -0.28579    0.39339
  -0.22481    0.26931
  -0.19075    0.14293
  -0.18259    0.20059
  -0.37853    0.03233
  -0.26596    0.20696
  -0.16180   -0.03540
  -0.23843    0.30846
  -0.13846    0.43827
  -0.13085    0.15789
  -0.31092    0.19013
  -0.41272    0.17666
  -0.14420    0.41340
  -0.24414    0.28051
  -0.13081    0.29408
  -0.32780   -0.14757
  -0.23181   -0.18861
  -0.29131    0.00611
  -0.25816   -0.01404
  -0.21101    0.66542
  -0.21853    0.35779
  -0.20038    0.29564
  -0.16095    0.20933
  -0.29540   -0.03285
  -0.20347   -0.10514
  -0.20197    0.05144
  -0.27324    0.12625
  -0.31003    0.25136
  -0.31022   -0.22237
  -0.28252    0.10656
  -0.19870    0.31503
  -0.13514    0.23634
  -0.27128   -0.27178
  -0.39919   -0.04360
  -0.19562    0.42461
  -0.26384    0.09906
  -0.27209   -0.23442
  -0.35612   -0.04384
  -0.37530    0.73371
  -0.33940    0.59126
  -0.06090    0.35511
  -0.20499    0.18013
  -0.12177   -0.20011
  -0.25696    0.25898
  -0.37059   -0.14896
  -0.15300    0.18634
  -0.23133    0.21250
  -0.12478    0.54287
  -0.15948   -0.11844
  -0.18746   -0.21630
  -0.09919   -0.13262
  -0.17502    0.33999
  -0.25603    0.41600
  -0.17890   -0.32811
  -0.25052   -0.16874
  -0.17192    0.31186
  -0.21532    0.67506
  -0.19711    0.03195
  -0.28212    0.30317
  -0.29140    0.44773
   0.02250    0.28213
  -0.19019    0.39405
  -0.15515    0.27066
  -0.17182    0.48962
  -0.23548    0.05473
  -0.17717    0.17136
  -0.28375    0.19146
  -0.24228    0.27842
  -0.35876   -0.06139
  -0.33980    0.03555
  -0.24168    0.38841
  -0.13809   -0.23483
  -0.25147    0.34897
  -0.23250    0.22007
  -0.10012   -0.07632
  -0.20787    0.16346
  -0.19818    0.55210
  -0.30831    0.20347
  -0.18192    0.02542
  -0.39446   -0.03791
  -0.11386    0.57150
  -0.11144    0.42477
  -0.18482    0.40858
  -0.07741   -0.12017
  -0.36588    0.02014
  -0.28060    0.36632
  -0.38043   -0.00928
  -0.35560    0.06913
  -0.20998    0.18305
  -0.33033    0.11128
  -0.30985   -0.24238
  -0.20473    0.43745
  -0.12194   -0.13605
  -0.21768    0.20419
  -0.24688   -0.23416
  -0.34124    0.55965
  -0.15287    0.41031
  -0.32394    0.12660
  -0.22430    0.06462
  -0.16601    0.44941
  -0.27422    0.44587
  -0.26516   -0.01293
  -0.29884   -0.08686
  -0.27086    0.10927
  -0.10561    0.33840
  -0.20670    0.30521
  -0.20465    0.60181
  -0.27948   -0.12762
  -0.45702   -0.00534
  -0.26086    0.65765
  -0.24115    0.72693
  -0.16738    0.05136
  -0.18751    0.63176
  -0.34164    0.55718
  -0.15367    0.51707
  -0.31540    0.14157
  -0.33247    0.08242
  -0.05209    0.38280
  -0.19063    0.03593
  -0.18396    0.30985
  -0.34585    0.40609
  -0.26994    0.25231
  -0.23691    0.65205
  -0.27424   -0.13638
  -0.12171    0.10212
  -0.15607   -0.03848
  -0.13771    0.56915
  -0.28400    0.21285
  -0.12838    0.06724
  -0.33866    0.11959
  -0.27924    0.41805
  -0.14405    0.23683
  -0.18214    0.33311
  -0.27007   -0.44187
  -0.28939    0.22871
  -0.28431    0.20067
  -0.30424    0.56075
  -0.25595    0.23695
  -0.15597   -0.02108
  -0.25901    0.35814
  -0.13557    0.30639
  -0.19913    0.18031
  -0.15030    0.35005
  -0.37667    0.24567
  -0.25851    0.44842
  -0.33776    0.00460
  -0.35011   -0.08726
  -0.22554   -0.07856
  -0.40927    0.30585
  -0.28413    0.05333
  -0.34374    0.05132
  -0.21854    0.09452
  -0.19536    0.56759
  -0.12549    0.03503
  -0.32590   -0.14373
  -0.37969   -0.13714
  -0.34086    0.36007
  -0.32082    0.14362
  -0.21575    0.10480
  -0.35232    0.04481
  -0.34462   -0.01809
  -0.31868   -0.00203
  -0.19759    0.26173
  -0.18256    0.30597
  -0.41689   -0.27029
  -0.28532   -0.17435
  -0.25466    0.17740
  -0.23677    0.20268
  -0.23756   -0.02508
  -0.16231   -0.26075
  -0.09237    0.33482
  -0.32796    0.14709
  -0.17230    0.32965
  -0.25021    0.53988
  -0.22388   -0.07916
  -0.32483   -0.22938
  -0.27068   -0.17436
  -0.19019    0.16381
  -0.13567    0.14082
  -0.40267   -0.05388
  -0.21810    0.28276
  -0.38239    0.11866
  -0.24399    0.08056
  -0.24945    0.14967
  -0.35719   -0.18514
  -0.22645    0.29622
  -0.21905    0.27875
  -0.30097   -0.02975
  -0.21055    0.00418
  -0.20403   -0.11490
  -0.15711    0.27842
  -0.38189    0.50427
  -0.18078    0.28353
  -0.19881    0.03034
  -0.19804   -0.21509
  -0.21770    0.26036
  -0.24135   -0.02519
  -0.27976    0.01077
  -0.12800   -0.26866
  -0.17007   -0.32731
  -0.43482   -0.11018
  -0.34672   -0.01823
  -0.29984   -0.03199
  -0.22863    0.15169
  -0.17794    0.57423
  -0.35720    0.04451
  -0.39830   -0.23187
  -0.17449   -0.32437
  -0.08624    0.07863
  -0.26477   -0.12407
  -0.17010    0.27435
  -0.30215    0.16696
  -0.32968    0.25768
  -0.20043    0.29196
  -0.27439   -0.03507
  -0.27843    0.17557
  -0.12226    0.04472
  -0.31088    0.00836
  -0.25074    0.20721
  -0.16324   -0.35451
  -0.16268   -0.59830
  -0.22314   -0.33713
  -0.27908   -0.13603
  -0.33758   -0.25899
  -0.24704    0.18145
  -0.33613   -0.07158
  -0.20763    0.09173
  -0.27773    0.17394
  -0.38278   -0.12617
  -0.05456    0.18138
  -0.28343    0.32388
  -0.14433    0.53794
  -0.26600    0.27089
  -0.18426    0.18990
  -0.23231    0.12683
  -0.38596    0.01635
  -0.27245   -0.18576
  -0.24763    0.37083
  -0.27000   -0.07340
  -0.20920    0.51234
  -0.36389    0.10667
  -0.19521   -0.05268
  -0.25923   -0.17469
  -0.25455    0.15627
  -0.18050   -0.08923
  -0.30908    0.20002
  -0.19071    0.21629
  -0.28188    0.26893
  -0.31049   -0.10696
  -0.19098    0.20783
  -0.13723   -0.20642
  -0.20432   -0.13905
  -0.22280   -0.07042
  -0.41382    0.36181
  -0.17639    0.40805
  -0.36897    0.35830
  -0.27744    0.17053
  -0.23116    0.09600
  -0.29337   -0.00117
  -0.08544   -0.00254
  -0.40442    0.14065
  -0.08335   -0.24229
  -0.16799   -0.04727
  -0.21636    0.72486
  -0.20756    0.64066
  -0.19260    0.33959
  -0.09578    0.15386
  -0.32191    0.39089
  -0.33610   -0.09671
  -0.43690   -0.06033
  -0.35219    0.05542
  -0.27719   -0.24943
  -0.30102    0.25505
  -0.33907    0.39213
  -0.20809    0.01599
  -0.29322   -0.00450
  -0.39918    0.03735
  -0.24510    0.45183
  -0.07763    0.12886
  -0.22256    0.12228
  -0.16108    0.43685
  -0.27626    0.20346
  -0.29393    0.38722
  -0.18760    0.06393
  -0.34112   -0.07438
  -0.24605   -0.04893
  -0.25270   -0.03922
  -0.17054    0.32970
  -0.20041   -0.09134
  -0.11681   -0.09536
  -0.22038   -0.15934
  -0.47752    0.32489
  -0.24985    0.33353
  -0.29410    0.02095
  -0.18009    0.44304
  -0.30972   -0.00914
  -0.11965    0.37222
  -0.31631    0.25735
  -0.21683    0.54015
  -0.05341   -0.23730
  -0.30477    0.58913
  -0.29850   -0.13056
  -0.14687   -0.04371
  -0.23445    0.50648
  -0.17076   -0.05006
  -0.18041    0.30597
  -0.26289    0.34342
  -0.11776    0.07524
  -0.18139    0.11457
  -0.08248    0.54250
  -0.19080    0.19765
  -0.18241   -0.14884
  -0.20470    0.06540
  -0.26862    0.30731
  -0.24146   -0.02523
  -0.20344   -0.14456
  -0.21441    0.37681
  -0.27431    0.50754
  -0.26665   -0.03577
  -0.27762   -0.15151
  -0.30880    0.27618
  -0.31054   -0.04090
  -0.22611    0.33002
  -0.14196   -0.01294
  -0.10565   -0.53362
  -0.28272   -0.02668
  -0.19407   -0.04884
  -0.16561   -0.09575
  -0.31587    0.11287
  -0.20750   -0.08380
  -0.22364   -0.08663
  -0.12924    0.50078
  -0.36090   -0.07543
  -0.37656   -0.10155
  -0.20820    0.62947
  -0.30976    0.71561
  -0.12997    0.32665
  -0.26702    0.16461
  -0.39225   -0.00619
  -0.02482    0.41764
  -0.27717    0.50347
  -0.18950    0.07695
  -0.27091    0.17598
  -0.21906    0.04094
  -0.23830    0.34096
  -0.13483   -0.04268
  -0.41162    0.23823
  -0.21052    0.05294
  -0.17975    0.43869
  -0.16671   -0.05454
  -0.34156    0.16541
  -0.15087    0.20634
  -0.48716   -0.00142
  -0.26162    0.27843
  -0.30303    0.37883
  -0.22348    0.07502
  -0.10163    0.06491
  -0.21483   -0.18917
  -0.19283   -0.29480
  -0.11280    0.35189
  -0.13902    0.30587
  -0.23438   -0.02614
  -0.11498   -0.01113
  -0.30787    0.08634
  -0.25675    0.19875
  -0.28968    0.37232
  -0.31677   -0.16068
  -0.31536    0.03101
  -0.44021    0.07215
  -0.21088   -0.07886
  -0.24581    0.07103
  -0.19861    0.41401
  -0.33814    0.31161
  -0.27426    0.21265
  -0.12716    0.12863
  -0.24172    0.38988
  -0.21839   -0.10686
  -0.14305   -0.36514
  -0.07817    0.12451
  -0.18155    0.19786
  -0.25494    0.15512
  -0.23117    0.53059
  -0.14509    0.08368
  -0.34611   -0.00683
  -0.28669    0.56955
  -0.26241    0.60323
  -0.24363   -0.10227
  -0.28605    0.12275
  -0.34043    0.46933
  -0.40289    0.05249
  -0.30428    0.42393
  -0.21855    0.26203
  -0.22282    0.47763
  -0.18427    0.38555
  -0.16467    0.08266
  -0.24685    0.43549
  -0.22560    0.41999
  -0.26948   -0.22453
  -0.06274   -0.34926
  -0.20457    0.46695
  -0.35724   -0.02199
  -0.41115    0.18006
  -0.26359    0.00538
  -0.10569    0.41197
  -0.01061    0.18870
  -0.29829   -0.34829
  -0.14816    0.34504
  -0.18069    0.55116
  -0.19327    0.26081
  -0.07337    0.22997
  -0.27149    0.07731
  -0.16921   -0.01216
  -0.28678    0.14625
  -0.24137    0.44243
  -0.25448    0.36955
  -0.31252    0.23629
  -0.49831    0.34637
  -0.31589   -0.03610
  -0.20662   -0.03723
  -0.24187    0.51038
  -0.29979    0.20498
  -0.13259   -0.16989
  -0.17796    0.11854
  -0.12938    0.15418
  -0.25845   -0.03793
  -0.11748    0.30674
  -0.37952   -0.13879
  -0.39135    0.00444
  -0.25395    0.06374
  -0.27337    0.51423
  -0.31049   -0.00722
  -0.30392    0.17349
  -0.14417    0.20999
  -0.26133    0.60624
  -0.29394    0.11200
  -0.09863    0.37353
  -0.29512    0.05116
  -0.29224   -0.00197
   0.28520   -0.07484
   0.62550   -0.14302
   0.37317   -0.23119
   0.22268   -0.54577
  -0.13130   -0.43453
  -0.47571   -0.25009
  -0.27894   -0.53378
  -0.14303   -0.38656
  -0.25921   -0.05365
  -0.29470   -0.16422
  -0.20846    0.07844
  -0.37532    0.01575
  -0.36085   -0.18912
  -0.27272   -0.42865
  -0.24417   -0.23705
  -0.23645   -0.26088
  -0.21859   -0.38511
  -0.19077   -0.26865
  -0.19729   -0.10666
  -0.24827   -0.42449
  -0.30202   -0.27513
  -0.35201   -0.28242
  -0.31571   -0.24594
  -0.29810   -0.40774
  -0.15247   -0.36088
  -0.22613   -0.40144
  -0.14050   -0.27571
  -0.22179   -0.18113
  -0.38304   -0.07462
  -0.28007   -0.30086
  -0.31573   -0.35750
  -0.45388   -0.00134
  -0.31656   -0.21404
  -0.18677   -0.30245
  -0.33688   -0.25940
  -0.25432   -0.33732
  -0.33552   -0.31815
  -0.27473   -0.31234
  -0.13686   -0.10695
  -0.20791   -0.15107
  -0.15814   -0.44354
  -0.19784   -0.55278
  -0.15765   -0.35621
  -0.26308   -0.30623
  -0.42580   -0.32063
  -0.15904   -0.34084
  -0.13557   -0.42014
  -0.17422   -0.23546
  -0.27963   -0.23601
  -0.29383   -0.42197
  -0.04392   -0.57173
  -0.20761   -0.42669
  -0.13855   -0.20801
  -0.30386   -0.22613
  -0.26165   -0.32064
  -0.16393   -0.22483
  -0.17111   -0.05631
  -0.24191   -0.40290
  -0.21722   -0.39955
  -0.47387   -0.47064
  -0.22352   -0.06405
  -0.19957    0.02976
  -0.12636   -0.41697
  -0.18219   -0.37594
  -0.42130   -0.20937
  -0.18695    0.24808
  -0.24854   -0.21422
  -0.31151   -0.28867
  -0.48248   -0.40440
  -0.35417   -0.05003
  -0.40707   -0.24393
  -0.21544    0.03612
  -0.20771    0.09810
  -0.23627   -0.47558
  -0.32525   -0.17768
  -0.24003   -0.00023
  -0.30108   -0.37545
  -0.24870   -0.08387
  -0.34127   -0.26665
  -0.18053   -0.14663
  -0.18212   -0.18152
  -0.18259   -0.36257
  -0.46977   -0.13992
  -0.25115   -0.31527
  -0.31744   -0.27690
  -0.07961   -0.08908
  -0.19227   -0.54708
  -0.24992   -0.40005
  -0.20548    0.11018
  -0.33303   -0.19387
  -0.23938   -0.16084
  -0.14263   -0.37916
  -0.47234   -0.41703
  -0.37671   -0.00493
  -0.24074   -0.33980
  -0.13456   -0.39188
  -0.25577   -0.31015
  -0.19112   -0.41998
  -0.06435   -0.21671
  -0.28441   -0.06213
  -0.40466   -0.07934
  -0.28594   -0.18591
  -0.38038   -0.07888
  -0.15545   -0.15470
  -0.20015   -0.01283
  -0.42374   -0.02988
  -0.23548   -0.20763
  -0.26820   -0.24753
  -0.43670   -0.00847
  -0.22058   -0.31448
  -0.31457   -0.38030
  -0.24260   -0.11591
  -0.19652   -0.36441
  -0.22502   -0.00967
  -0.32677    0.00062
  -0.33881   -0.37701
  -0.30427   -0.07385
  -0.11316   -0.13058
  -0.15661   -0.47260
  -0.22869   -0.31157
  -0.14347   -0.44179
  -0.34428   -0.35891
  -0.23400   -0.22230
  -0.20381   -0.04056
  -0.22695   -0.30536
  -0.18904    0.05844
  -0.46015   -0.22115
  -0.31793   -0.03043
  -0.26155   -0.34791
  -0.24471   -0.46440
  -0.24088   -0.30931
  -0.21539   -0.04003
  -0.20106   -0.36389
  -0.22305   -0.22617
  -0.31064   -0.19782
  -0.05687   -0.23716
  -0.21259   -0.04256
  -0.16046   -0.28637
  -0.42854   -0.05290
  -0.28410   -0.32869
  -0.34872   -0.10391
  -0.22309   -0.35420
  -0.31982    0.09241
  -0.27558   -0.36846
   0.12202   -0.40055
   0.02699   -0.32323
   0.15442    0.03019
   0.02221   -0.20113
  -0.38866   -0.25033
  -0.26378   -0.29226
  -0.22457   -0.30844
  -0.41843   -0.17021
  -0.28116   -0.23947
  -0.28810   -0.26665
  -0.38270   -0.25274
  -0.15654   -0.41085
  -0.25595   -0.18117
  -0.39003   -0.30706
  -0.32417   -0.16534
  -0.31916   -0.03019
  -0.34506   -0.37398
  -0.27812   -0.33568
  -0.30415   -0.48782
  -0.32111   -0.48122
  -0.20712   -0.08992
  -0.05060   -0.20767
  -0.26403   -0.38749
   0.17135   -0.59572
  -0.02079   -0.58739
  -0.11686   -0.50629
  -0.16184   -0.39328
  -0.12475   -0.43831
   0.10605   -0.59616
  -0.08297   -0.57868
  -0.03216   -0.35324
  -0.04659   -0.34821
  -0.28294   -0.00191
  -0.33030   -0.19595
  -0.39461   -0.25663
  -0.19277   -0.28124
  -0.29913   -0.29060
  -0.31018   -0.22610
  -0.35046   -0.35029
  -0.28179   -0.21730
  -0.27595   -0.27889
  -0.19215    0.03547
  -0.34346   -0.31716
  -0.24456   -0.42341
  -0.36890   -0.31969
  -0.05519   -0.10018
   0.07575   -0.69124
  -0.13418   -0.24720
  -0.14631   -0.42123
  -0.18100   -0.30902
  -0.13744   -0.60622
  -0.09933   -0.62187
  -0.21526   -0.34800
  -0.15963   -0.52688
  -0.40107   -0.14776
  -0.21419   -0.46494
  -0.21208   -0.04464
  -0.14084    0.03590
  -0.19213    0.10818
  -0.21700   -0.40108
  -0.43804   -0.20382
  -0.31116   -0.16983
  -0.34288   -0.07844
  -0.28366   -0.32729
  -0.54626   -0.22870
  -0.28635   -0.23167
  -0.16074   -0.16019
  -0.19836   -0.31758
  -0.34746   -0.25354
  -0.41449   -0.25519
  -0.28090   -0.29496
  -0.28143   -0.14604
  -0.15333   -0.30754
  -0.43263   -0.40681
  -0.24273   -0.34364
  -0.28866   -0.04976
  -0.25893   -0.56636
  -0.29070   -0.25832
  -0.23131   -0.27820
  -0.22065   -0.51545
  -0.18750   -0.61491
  -0.31899   -0.43909
  -0.24604   -0.46583
  -0.30578   -0.23175
  -0.15199   -0.50090
  -0.36587   -0.05249
  -0.19024   -0.38074
  -0.19469   -0.09859
  -0.28732   -0.49864
  -0.28222   -0.08859
  -0.20165   -0.47530
  -0.16928   -0.41170
  -0.28938   -0.39720
  -0.39844   -0.27490
  -0.13707   -0.49396
  -0.18550   -0.35082
  -0.35471   -0.39128
  -0.26947   -0.33425
  -0.27713   -0.22230
  -0.34650   -0.25122
  -0.18813   -0.53065
  -0.20585   -0.26858
  -0.25724   -0.40458
  -0.41475   -0.45629
  -0.36005   -0.29515
  -0.21992   -0.20655
  -0.20829   -0.19659
  -0.24495   -0.31567
  -0.34180   -0.57962
  -0.21129   -0.26956
  -0.42676   -0.10253
  -0.34570   -0.53317
  -0.28215   -0.37262
  -0.20869   -0.51979
  -0.29304   -0.29145
  -0.13504   -0.24768
  -0.09295   -0.12900
  -0.23144   -0.21143
  -0.25570   -0.28953
  -0.31758    0.00585
  -0.23978   -0.42461
  -0.17877   -0.27430
  -0.32494   -0.40235
  -0.28040   -0.20205
  -0.39778   -0.32970
  -0.19368   -0.54387
  -0.20098   -0.06390
  -0.25025   -0.40973
  -0.22240   -0.50243
  -0.20747   -0.57101
  -0.30269   -0.43113
  -0.14462   -0.31189
  -0.24400   -0.30899
  -0.20012   -0.37133
  -0.16599   -0.26639
  -0.10681   -0.43532
  -0.16887   -0.36559
  -0.19136   -0.13695
  -0.29426   -0.19327
  -0.26400   -0.50659
  -0.13950   -0.51096
  -0.31043   -0.13807
  -0.32307   -0.40853
  -0.38554   -0.42474
  -0.10661   -0.38758
  -0.31954   -0.08755
  -0.27465   -0.26889
  -0.49850    0.03542
  -0.51376   -0.06305
  -0.28391   -0.23077
  -0.26166   -0.15512
  -0.23521   -0.48381
  -0.14417   -0.04025
  -0.22596   -0.25592
  -0.41695   -0.08072
  -0.28584   -0.31023
  -0.19192   -0.57221
  -0.44055   -0.20898
  -0.23638   -0.45996
  -0.14743   -0.36838
  -0.16713   -0.51863
  -0.24135   -0.25214
  -0.29320   -0.32596
  -0.42299   -0.06861
  -0.13483   -0.45691
  -0.39459   -0.42593
  -0.18324   -0.49037
  -0.29179   -0.19118
  -0.36402   -0.27451
  -0.24612   -0.34942
  -0.25677   -0.30162
  -0.09015   -0.44183
  -0.23458   -0.20857
  -0.31772   -0.08893
  -0.24562   -0.11450
  -0.29509   -0.20136
  -0.24677   -0.09631
  -0.35130   -0.24115
  -0.37968   -0.16206
  -0.25496   -0.20550
  -0.27007   -0.55485
  -0.29433   -0.30711
  -0.14263   -0.51088
  -0.40615   -0.10273
  -0.25143   -0.35947
  -0.16363   -0.07963
  -0.27291   -0.13819
  -0.20678   -0.35572
  -0.31500   -0.05818
  -0.23388   -0.25582
  -0.40601   -0.17903
  -0.04338   -0.21635
  -0.22482   -0.10735
  -0.24854   -0.28660
  -0.19016   -0.20396
  -0.37177   -0.17557
  -0.23611   -0.18565
  -0.21153   -0.57322
  -0.26695    0.02999
  -0.32366   -0.29254
  -0.14378   -0.54095
  -0.35744   -0.40025
  -0.34131   -0.40278
  -0.35804   -0.36628
  -0.43389   -0.04730
  -0.45813   -0.33527
  -0.11993   -0.30703
  -0.21272   -0.32773
  -0.19049   -0.38413
  -0.29095   -0.02319
  -0.39491   -0.25670
  -0.27657   -0.17909
  -0.11673   -0.35479
  -0.06864   -0.43961
  -0.27166   -0.52586
  -0.25398   -0.28528
  -0.34744   -0.08722
  -0.09923    0.05584
  -0.30351   -0.32823
  -0.30488   -0.20394
  -0.31722   -0.27067
  -0.14867   -0.38821
  -0.44567   -0.21539
  -0.38244   -0.26765
  -0.25597   -0.33855
  -0.30909   -0.34090
  -0.39245   -0.05751
  -0.24365   -0.16195
  -0.29526   -0.26635
  -0.36327   -0.19327
  -0.16355   -0.54438
  -0.26094   -0.12603
  -0.39686   -0.30693
  -0.16283   -0.42987
  -0.18008    0.00086
  -0.21457   -0.50187
   0.18405   -0.34598
   0.25769   -0.59551
   0.54134   -0.10191
   0.12192   -0.38906
   0.07725   -0.52218
  -0.00978   -0.43358
  -0.03030    0.14191
   0.15443   -0.30905
   0.19830   -0.29554
  -0.11550   -0.29726
  -0.03857   -0.36300
   0.42794   -0.37390
  -0.06379   -0.15525
   0.05713   -0.54750
   0.07385   -0.24489
  -0.37949   -0.33995
  -0.24661    0.03953
  -0.40857   -0.36784
  -0.38585   -0.61714
  -0.29987   -0.30016
  -0.24548   -0.45611
  -0.13739   -0.07744
  -0.33033   -0.38737
  -0.25278   -0.28431
  -0.21127   -0.28184
  -0.23401   -0.46468
  -0.39255   -0.27669
  -0.31168   -0.23437
  -0.29765   -0.33201
  -0.19271   -0.49130
  -0.20316   -0.15205
  -0.04772   -0.16065
  -0.13795   -0.48596
  -0.06226   -0.35763
  -0.18654   -0.10389
  -0.15081   -0.12545
  -0.13287   -0.19323
  -0.11425   -0.07141
  -0.15177   -0.38744
  -0.17485   -0.31657
  -0.14668   -0.27177
  -0.45530   -0.03863
  -0.27658   -0.24956
  -0.24905   -0.25787
  -0.17560   -0.30915
  -0.23948   -0.21429
  -0.30564    0.19196
  -0.19898   -0.03833
  -0.38170   -0.33914
  -0.44555   -0.32249
  -0.18613   -0.34502
  -0.16865   -0.24643
  -0.29489   -0.13636
  -0.27102   -0.28695
  -0.16259   -0.22939
  -0.17970   -0.41861
  -0.35583   -0.18161
  -0.28689   -0.27583
  -0.20824   -0.27472
  -0.30890   -0.40102
  -0.25472   -0.30861
  -0.39311   -0.51613
  -0.10220   -0.38530
  -0.33166   -0.29157
  -0.23012   -0.47540
  -0.35152   -0.28819
  -0.16095   -0.17816
  -0.36010   -0.27061
  -0.15730    0.03100
  -0.34928   -0.22341
  -0.15659   -0.34252
  -0.21116   -0.50280
  -0.16017   -0.13425
  -0.26738   -0.36243
  -0.17359    0.11269
  -0.30642   -0.04532
  -0.39254   -0.33949
  -0.31442   -0.22207
  -0.39587   -0.16243
  -0.18215   -0.31513
  -0.14540   -0.29552
  -0.28586   -0.01398
  -0.20679   -0.22970
  -0.35269   -0.31252
  -0.41917   -0.18464
  -0.34855   -0.31672
  -0.40529    0.19681
  -0.35594   -0.11815
  -0.18815   -0.29068
  -0.14679   -0.22999
  -0.23363    0.00617
  -0.08355   -0.51774
  -0.20015   -0.15750
  -0.20315    0.02336
  -0.07017   -0.44781
  -0.18601   -0.45186
  -0.24928   -0.36920
  -0.01975   -0.44780
  -0.00471   -0.16968
  -0.17460   -0.68190
  -0.23236   -0.23075
  -0.20908   -0.62126
  -0.30448   -0.48904
  -0.41489   -0.19896
  -0.39697   -0.17545
  -0.20269   -0.25832
  -0.41403   -0.23772
  -0.33583   -0.27823
  -0.19300   -0.44475
  -0.35299   -0.26446
  -0.31726   -0.22585
  -0.27139   -0.44421
  -0.41484   -0.28955
  -0.25932    0.05623
  -0.09612   -0.35526
  -0.26776   -0.35191
  -0.30055   -0.55756
  -0.15710   -0.58577
  -0.39079   -0.41877
  -0.15873   -0.32364
  -0.21583   -0.08282
  -0.34273   -0.29819
  -0.25655   -0.29122
  -0.15401   -0.03619
  -0.21841   -0.31654
  -0.16068   -0.43017
  -0.17747   -0.40427
  -0.19640   -0.43593
  -0.35785   -0.21418
  -0.32965   -0.28634
  -0.04518   -0.37771
   0.08634   -0.19039
  -0.06601   -0.22155
   0.14051   -0.40353
  -0.06947   -0.22517
   0.18521   -0.33936
  -0.04137   -0.37857
   0.12993   -0.53273
  -0.09236   -0.33661
  -0.38724    0.17414
  -0.39761   -0.20622
  -0.12958   -0.13753
  -0.45374   -0.12070
  -0.12266   -0.06044
  -0.16515   -0.38040
  -0.25889   -0.36143
  -0.56792   -0.26268
   0.05971   -0.20983
   0.18176   -0.37775
  -0.19003   -0.04120
  -0.41857   -0.31207
  -0.11526   -0.22568
  -0.28234   -0.33980
  -0.35105   -0.20700
  -0.41566   -0.37620
  -0.27734   -0.25977
  -0.23727   -0.42940
  -0.32882   -0.25613
  -0.41261   -0.24602
  -0.11844   -0.44679
  -0.16283   -0.30760
  -0.18847   -0.27180
  -0.14990   -0.35572
  -0.06852   -0.36731
  -0.20403   -0.46721
  -0.00720   -0.47996
   0.23894    0.09315
  -0.17543   -0.21263
   0.03478    0.15913
   0.00361    0.49662
   0.07670    0.62092
   1.12882    0.58253
   1.14410    0.79828
   1.00182    0.77205
   0.81957    0.75971
   1.00042    0.65567
   0.67955    0.62775
   0.60932   -0.25117
   0.68252    0.03648
   0.58465   -0.30446
   0.43585   -0.29220
   0.25030   -0.50077
   0.59456   -0.42972
   0.53013   -0.24560
   0.10363   -0.34825
  -0.14158   -0.36652
  -0.39404    0.07822
  -0.21240   -0.35919
  -0.17000    0.12714
  -0.11580   -0.41586
  -0.24343   -0.30556
  -0.29050   -0.39084
  -0.25635   -0.46270
  -0.29871   -0.10029
  -0.29888   -0.23341
  -0.22325   -0.14564
  -0.07407   -0.57656
  -0.31772   -0.23516
  -0.18528    0.01597
  -0.09508   -0.37185
  -0.23870   -0.34888
  -0.31840   -0.13925
  -0.49045   -0.26684
  -0.27111   -0.41052
  -0.28917   -0.10243
  -0.18794   -0.27321
  -0.27527   -0.27730
  -0.19110   -0.16269
   0.12376   -0.62198
  -0.11745   -0.21466
  -0.24092   -0.04411
  -0.21136    0.05530
  -0.20250   -0.37496
  -0.37081   -0.36871
  -0.25494   -0.19303
  -0.28102   -0.19552
  -0.15053   -0.26368
  -0.27706   -0.27867
  -0.19573   -0.37275
  -0.19877   -0.54214
  -0.27317   -0.24137
