%# This file was created Thu Jul 14 14:24:44 2016
%# by the following command:
%# g_anaeig -f dcsa_510_3us.xtc -s npt_dcsa_510.pdb -eig bbdcsa_510_eval.xvg -v bbdcsa_510_evec.trr -n 510_dcsa.ndx -first 1 -last 2 -2d bb510_dcsa_2dproj.xvg 
%# backbone atoms group 18 44 atoms
%# g_anaeig is part of G R O M A C S:
%#
%# Grunge ROck MAChoS
%#
%#@    title "2D projection of trajectory"
%#@    xaxis  label "projection on eigenvector 1 (nm)"
%#@    yaxis  label "projection on eigenvector 2 (nm)"
%#@TYPE xy
   0.21058    0.12929
  -0.64370   -1.00857
  -0.29475    0.18135
  -0.00968   -0.59871
   1.09116    0.06450
   0.14524    0.58448
   0.24005   -0.17422
   0.55210    0.88930
   0.18936    0.04576
   0.03275    0.25990
   1.00858    0.29102
  -0.02211    0.61081
  -0.16821   -0.50689
   0.58561   -0.10804
   0.05820   -0.83308
   0.00359    0.05678
   0.51987   -0.33239
   0.19400    0.02371
  -0.31792   -0.13372
  -0.24896    0.32927
   0.00059   -0.13854
   0.10260    0.57535
   0.32825    0.33544
   0.58471    0.23897
  -0.15761   -0.71630
   0.23245    0.48689
   0.37328   -0.09104
   0.18221    0.35333
  -0.65101    0.46730
  -0.09210    0.49795
  -0.03708    0.41132
   0.42358    0.38701
  -0.02264    0.61006
  -0.59184   -1.11147
  -0.07202    0.81606
   0.47757    0.90333
   0.18827   -0.41247
   0.75398    0.89483
  -0.27667   -0.31963
   0.29706   -0.18304
   0.47179   -0.08806
   0.58945   -0.34079
  -0.14782   -0.46367
  -0.79542    0.42259
  -0.00506   -0.60384
   0.10080   -0.28981
   0.53123    0.33061
  -0.19039    0.50528
  -0.63177    0.48097
  -0.07015   -0.80921
  -0.29940   -0.99988
  -0.09213   -0.83245
   0.57686   -0.95604
  -0.24700   -0.83835
   0.00699    0.90299
  -0.32061    0.75815
   0.12549   -0.84571
  -0.02091    0.78160
   0.43131    0.18246
   0.43330    0.59011
   0.00496   -0.22561
   0.23274    0.06732
   0.63798    0.54604
  -0.43832    0.35957
  -0.33379    0.77751
  -0.01001    0.39901
  -0.22268   -0.91909
   0.11708    0.42311
   0.11438    0.65566
   0.28774    0.28970
   0.13065   -0.36367
   0.12373    0.03623
   0.03106    0.60761
   0.18928    0.08668
   0.17379    0.10599
  -0.10245    0.46658
   0.41319   -0.52489
   0.07762    0.53272
  -0.30113    0.12456
   1.11613   -0.32074
  -0.53480    0.80801
  -0.48013   -0.75297
  -0.57743    0.51928
   0.47288    0.97790
  -0.67660    0.97520
  -0.27563    0.86832
  -0.00761    0.91610
  -0.27413    1.14239
  -0.26583    0.85472
  -0.28579    1.05657
  -0.78021    0.77751
   0.19286    0.95799
   0.31460    0.49375
  -0.72548    0.75099
  -0.70276    0.09382
  -0.00578    0.28012
  -0.21855    0.41082
  -0.34055    0.37925
  -0.25548    0.39468
   0.47687    0.27628
  -0.20935    0.04361
   0.50670    0.41850
  -0.01735    0.08593
   0.15864    0.78621
  -0.30747    0.33561
  -0.36951    0.75402
   0.00133    0.34770
   0.58985    0.16829
   0.04611    0.03501
   0.26337    1.00429
  -0.86138   -0.36279
  -0.13991   -0.19337
  -0.66607   -0.30899
  -0.91472   -0.69401
  -0.10056   -0.23296
  -0.58229   -0.04438
  -0.86423   -0.37818
  -1.07931   -0.23038
  -0.26760   -0.89539
  -0.45949   -0.92468
  -0.59014   -0.72447
  -1.08932   -0.13696
  -1.12521   -0.01264
  -1.05881   -0.11755
  -1.01659   -0.20407
  -0.51346   -0.09217
  -0.33898   -0.57550
  -0.70034   -0.81273
  -1.18874   -0.14638
  -0.00541   -1.14426
  -0.84143    0.01720
  -0.31009   -0.78703
  -0.41175   -0.84052
  -0.70408   -0.93925
  -0.70817   -0.70008
  -0.85404   -1.01544
  -0.08596   -0.72044
  -0.61444   -0.27389
  -0.67655    0.23818
   0.59006    0.67890
   0.29461    0.23341
   0.79379    0.29337
   0.73449    0.49812
   0.90039    0.48842
   0.05750    0.10337
   0.57817    0.19121
   0.63508    0.44903
   0.33203    0.36623
   0.63423    0.40759
  -0.11791    0.24501
   0.46914    0.18346
   0.43177    0.62830
   0.60028    0.19652
   0.47206    0.40638
   0.43508    0.31876
   0.84262   -0.07410
   0.78588    0.49983
   0.41752    0.67942
   0.45648    0.27247
   0.26449    0.66345
   0.66195    0.28091
   0.72739    0.56368
   0.70897    0.47921
   0.58515    0.28147
   0.99535    0.14374
   0.78789    0.51868
   0.37355    0.59301
   0.74313    0.54504
   0.68107    0.43741
   0.36380    0.37569
   0.53771   -0.12954
   0.76355    0.77925
   0.08105    0.00650
   0.79769    0.50477
   0.99340    0.35196
   0.42037    0.68899
   0.57215    0.45824
   0.33160   -0.12036
   0.73250    0.34360
   0.93913    0.01995
   0.63424    0.52514
   0.47279   -0.19435
   0.93922    0.30074
   0.49624    0.39911
   0.57037   -0.41516
   0.30378    1.30538
   0.86231    0.97452
   0.19732    0.98309
   0.32838    0.97366
   0.28082    0.96957
   0.28176    0.95664
   0.25583    1.08067
   0.31334    0.81092
   0.39547    1.00935
   0.35009    0.92658
   0.32434    0.86763
   0.37899    1.03210
   0.12712    0.79361
   0.45604    0.89123
   0.28749    1.16009
   0.35020    0.89342
   0.35653    0.92503
   0.56586    1.16297
   0.39663    1.01022
   0.29780    1.02913
   0.17123    1.01329
   0.28885    0.96602
   0.42199    1.18057
  -0.94440    0.12513
  -0.83975   -0.15658
  -1.26330    0.11511
  -0.96070   -0.53286
  -0.76950   -0.22559
  -1.11892   -0.22207
  -0.53066   -0.46908
  -0.77647    0.56608
  -0.55889    0.48972
  -0.59437    0.43023
  -0.97206    0.65363
   0.63871    0.47320
   0.19033    1.29021
   0.27919    0.92280
   0.41572    1.01377
   0.51864    0.90876
   0.36124    1.03843
  -0.78288    0.65245
   0.45295    0.96890
   0.09885    0.96817
   0.65253    1.05491
   0.89431    0.46655
   0.16005    0.95441
   0.42209    1.11433
   0.99512    0.56254
   0.81167    0.28846
  -1.17662    0.20057
   0.77156    1.03254
   0.74710    1.05630
  -0.87430    0.41718
  -1.08082    0.52341
  -1.06680   -0.09138
  -1.21058    0.47721
  -1.11029    0.49540
  -1.14406    0.08004
  -0.50546    0.89950
   0.28971    0.80092
   0.31687    0.99036
   0.26013    0.94734
   0.38678    1.14919
   0.38434    1.05654
   0.55108    0.92714
   0.18928    0.93137
   0.51896    0.78107
   0.27599    0.89500
   0.30488    0.94104
   0.41332    1.03086
   0.30368    1.02022
   0.36571    1.18136
   0.21820    0.84304
   0.35616    0.88139
   0.63582    1.19782
   0.31636    0.91361
   0.45731    0.87855
   0.42884    0.83554
   0.33324    0.85754
   0.38664    0.94989
   0.25784    1.02835
   0.40719    1.00606
   0.27385    0.86147
  -0.41426    0.40724
  -1.00620    0.61411
  -0.49340    0.56118
  -0.42830    0.50859
   0.26483    0.97038
   0.48174    0.98997
   0.44789    0.93331
   0.46532    0.94146
   0.49957    0.85545
   0.46584    1.18466
   0.53870    1.40575
   0.45647    1.07488
   0.17208    0.95598
   0.59156    0.98614
   0.64868    1.11482
   0.33901    1.24957
   0.48541    1.18465
   0.40812    1.04983
   0.54299    1.07873
   0.37784    0.81023
   0.59788    1.28585
   0.19813    0.81874
   0.26088    0.91883
   0.55135    1.00645
   0.31173    0.81170
   0.42212    1.18236
   0.10692    1.05035
   0.22481    0.90758
   0.27727    0.95194
   0.10535    1.17585
   0.44168    1.13573
   0.49731    1.02230
   0.21800    1.10176
   0.22372    0.90798
   0.42988    0.91212
   0.40082    1.02837
   0.47402    0.83322
   0.38739    1.02965
   0.25199    0.86724
   0.26955    1.02838
   0.27986    0.86147
   0.23918    1.07104
   0.43367    0.82874
   0.66411    0.83567
   0.52854    1.19299
   0.47122    0.98939
   0.50365    1.04978
   0.36031    0.88745
   0.39516    1.00745
   0.44052    0.97137
   0.17270    1.03910
   0.18122    1.03336
   0.33471    1.05734
   0.29180    1.18686
   0.20895    1.00065
   0.25597    0.91553
   0.32063    1.09680
   0.45203    0.91144
   0.74282    1.04751
   0.38344    1.04147
   0.59059    0.40899
   0.30914    0.94858
   0.50845    1.08270
   0.42442    1.01150
   0.30400    1.09938
  -0.13429    1.26432
   0.40475    1.02398
   0.46281    0.93823
   0.51792    1.16744
   0.45146    0.93360
   0.19094    0.97720
   0.50761    0.94912
   0.31184    1.03553
   0.22780    0.93515
   0.43342    1.04222
   0.20468    1.36397
   0.15058    0.77636
   0.41387    1.23045
   0.30008    0.97281
   0.22378    1.05087
   0.35782    0.98886
   0.15131    0.89097
   0.32675    1.14346
   0.47378    0.94920
   0.24251    1.05518
   0.24230    0.95228
   0.36534    0.94644
   0.18565    0.85707
   0.32451    1.15000
   1.05435    0.49592
   0.43039    0.98171
   0.20344    1.01600
   0.82116    0.67444
   0.45051    0.87410
   0.32911    0.98346
   0.33297    1.13050
   0.33532    1.27479
   0.38467    1.18990
   0.27950    1.10519
   0.40391    1.01694
   0.27096    1.25757
   0.43148    1.06160
   0.02497    0.93189
   0.65854    0.91072
   0.51839    0.70954
   0.37110    0.48793
   0.48601    0.65557
   0.73959    1.01748
   0.48134    0.75921
   0.35538    0.95985
   0.41628    0.94126
   0.29124    0.85145
   0.54212    1.04476
   0.25352    1.05604
   0.30606    0.94281
   0.41994    1.09941
   1.04909    0.48994
   0.76985   -0.12314
   0.52186    1.01999
   0.54871    1.05337
   0.17433    0.87759
   0.22540    1.05114
   0.13452    0.90176
   0.29901    0.95530
   0.28478    1.02241
   0.46076    1.04577
   0.42614    0.94784
   0.33633    1.04296
   0.47527    1.23729
   0.33547    0.99094
   0.49861    0.92983
   0.31573    0.37198
   0.65865    0.49081
   0.73695    0.90124
   0.20966    0.72983
   0.54786    1.24443
   0.46764    1.21184
   0.27955    0.94298
   0.40599    0.66603
   0.35425    1.14939
   0.40148    0.88518
   0.35709    0.96870
   0.09077    0.86764
   0.31793    0.83686
   0.33072    1.09231
   0.15915    1.15214
   0.42704    0.96467
   0.46710    1.09504
   0.67260    0.97630
   0.26656    0.87613
   0.57449    1.04676
   0.42994    0.80021
   0.41556    0.97231
   0.36949    0.94743
   0.38504    0.95886
   0.28062    1.09139
   0.53244    0.24575
   0.30651    1.04956
  -0.77962    0.15449
  -0.59547    0.41470
  -0.65819    0.42749
  -1.03883   -0.07112
  -0.82966    0.32603
  -1.17730    0.52842
   1.08220    0.31435
   0.28623    0.88357
   0.31779    0.79750
   0.67527    1.02042
   0.27948    1.18076
   0.49349    1.21288
   0.76909    0.52893
   0.50512    0.62135
   0.68624    0.58943
   0.28664    1.03546
   0.26273    1.15719
  -0.05365    0.38014
   0.47389    0.58697
   0.57545    0.32163
   0.52407    0.37652
   0.34781    0.86756
   0.61894    0.95783
   0.48339    0.61872
  -1.02039   -0.06592
   0.16950    0.83143
   0.22797    0.69608
   0.33580    0.87816
   0.28484    1.03421
   0.27169    0.68799
   0.18799   -0.21923
  -0.20068    0.92062
   0.23100    0.14006
  -0.08601    0.61902
  -0.46655   -0.56243
  -0.00763   -0.38480
   0.69071   -0.02337
   1.08402    0.42891
   0.63594    0.68946
  -0.33528   -0.53130
  -0.01258   -0.12357
  -0.35862   -0.19773
  -0.40729   -0.40487
  -0.58291   -0.31878
   0.18207    0.01982
  -0.17123    0.23015
  -0.06653   -0.77808
   0.67280   -0.25952
  -0.39958   -0.27430
   0.12297   -0.56023
  -0.34311    0.08981
   0.49516    0.53810
   0.34188    0.60260
   0.04454    0.92380
   0.51733    0.58003
   0.23663    0.88390
   0.66675    0.98032
   0.35013    0.45972
   0.26491    0.42561
   0.52488    0.20259
   0.28252    0.70070
   0.21147    0.83051
   0.42255    0.90670
   0.42317    0.94948
  -0.95043   -0.23479
   0.20326    0.76691
   0.28524   -0.74761
   0.26168    0.74059
   0.44496    1.12745
  -0.12499   -0.06753
   0.29004    0.05914
   0.42131    0.80195
   0.16379   -0.21651
  -0.52379   -0.25424
  -0.05225   -0.34238
  -0.38636   -0.08881
  -0.29248   -0.27203
  -0.50412   -0.27018
  -0.27724   -0.20639
  -0.20604   -0.33359
  -0.26993   -0.22981
   0.44837   -0.91255
  -0.58468   -0.54666
  -0.63524   -1.14765
  -0.06548    0.22031
  -0.47211   -0.16675
   0.01519    0.37894
  -0.70376   -0.95889
   0.00478   -0.77734
   0.20352    0.21833
   0.40123    0.23757
   0.52358   -0.05227
   0.77871   -0.42250
  -0.60762   -0.78265
  -0.13297   -0.52260
   0.86629   -1.03355
  -0.34235   -0.39665
   0.50821   -0.42928
   0.33151    0.59727
  -0.10715   -0.22646
   0.54843   -0.01098
   0.14406    0.90938
  -0.28823   -0.33500
   0.22615    0.71135
   0.51380    0.67709
   0.18154    0.90509
  -0.21877    0.47884
   0.35205    0.71965
   0.36827    0.80868
   0.73087    0.81668
   0.00173    0.34351
  -0.16448   -0.36198
   0.23427    0.74307
   0.32588    0.84389
   0.44184    0.83569
   0.04533   -0.03857
  -0.69055   -0.13689
   0.72452   -0.56257
  -0.41442   -0.23824
   0.08253   -0.07594
   0.20506   -0.87486
   0.36445   -0.26695
   0.06405    0.04055
   0.05157   -0.24761
  -0.67170   -0.02794
  -0.30365    0.02617
  -0.21526   -0.24199
  -0.25257    0.54892
   0.16996    0.44237
   0.62211    0.41350
  -0.22336   -0.19910
   0.62150   -0.18572
   0.39140   -0.77388
   0.27526    0.80921
  -0.10534    0.68927
   0.82186   -0.90407
   0.54505   -0.34069
   0.31740   -0.56962
  -0.55647   -0.59402
  -0.21270   -0.00842
   0.62221   -0.97620
  -0.53848   -0.55916
   0.20881    0.78141
   0.26013    0.82131
   1.06568   -0.04883
  -0.98969   -0.12435
   0.68425    1.00717
   0.69938   -0.51609
   0.61942   -0.56383
   0.56279    0.40670
  -1.10657   -0.93746
  -0.54163    0.15737
  -0.50751   -0.20447
  -0.35470   -0.39025
   0.08634   -0.39430
  -0.06624   -0.43896
  -0.16775   -0.56630
   0.08535   -0.36761
  -0.57952   -0.02688
  -0.19851    0.01848
  -0.20222   -0.27011
  -0.01569   -0.83309
  -0.19329   -1.10219
  -0.24123   -0.18188
  -0.71973    0.14951
  -0.49395   -0.65371
   0.64894   -0.71182
   0.02147   -0.49591
   0.22131    0.81298
   0.09217    0.75014
   0.31888    0.08427
   0.63054   -0.16025
   0.77138    0.31671
   0.41178   -0.55819
   0.68168    0.66529
   0.52984   -0.54772
   0.69638   -0.34780
   0.64035    0.26349
   0.50782    0.17385
  -0.11080   -0.43496
   0.87311   -0.13917
   0.00406   -0.73974
  -1.13612    0.22161
  -0.25495   -0.29245
  -0.66780   -0.67629
  -0.70291   -0.56289
  -0.45671   -0.50866
  -0.63721   -0.71621
  -0.90357   -1.19803
  -0.18377   -0.19698
   0.87812   -0.83035
  -0.46236   -0.46025
  -0.35137   -0.01633
  -0.77543   -1.05923
  -0.05825   -0.43788
   0.16863   -0.03162
  -0.41412   -0.73665
  -0.02437   -0.47748
  -0.28904   -0.30554
  -0.20403   -0.01355
  -0.17967   -0.12661
  -0.26137   -0.72208
  -0.45238   -0.50888
   0.58858   -0.40316
  -0.63769   -1.01116
  -1.17813   -0.18795
  -0.27505   -0.38660
  -0.45738   -0.36741
  -0.11296   -0.23741
  -0.63116    0.10795
  -0.68100   -0.07300
   0.79411   -0.40174
  -0.33671   -0.33885
  -0.42347   -0.46774
  -0.05307   -0.82946
   0.42014    0.82763
   0.43814    0.71576
   0.68674    0.14896
   0.78366    0.11226
   0.32885   -0.59248
   0.24269   -1.09270
   0.43770   -0.18580
   0.60923    0.67317
  -1.02988   -0.87821
  -0.99200   -0.03048
  -0.39404   -0.44580
   0.24958   -0.43567
  -0.31132    0.14701
  -0.44215   -0.13978
  -0.23322   -0.55300
   0.38230   -0.31712
   0.12229   -0.72093
  -0.47845   -0.59284
  -1.06058   -0.06153
   0.16777    0.35559
   0.10618   -0.98916
   0.34971    0.74794
   0.38241   -0.21933
   1.17073    0.25464
   1.07509   -0.11834
   1.05311   -0.30249
  -0.66416    0.21539
  -1.11748   -0.88465
   1.13994   -0.00813
   0.93192   -0.51242
  -0.54717   -0.58904
   0.98384    0.46103
   0.63604    0.57874
  -0.94898    0.05238
  -1.20472   -0.76490
   0.79056   -0.61982
   0.67704    0.73629
   0.73329   -0.01847
   0.99071   -0.92507
  -0.70542   -0.17470
   0.51845   -0.59694
   1.22440   -0.15023
   0.61618   -1.31676
   1.06137   -1.07495
   0.79848   -0.39606
  -0.18659   -0.22294
  -0.27517   -0.11104
  -0.50256    0.12234
  -1.14611   -0.69888
  -0.27458   -0.28958
  -0.12093   -0.29854
  -0.01841   -0.91166
  -0.44987   -1.06752
   1.10386   -0.59312
   1.04418   -0.76261
   0.28869   -0.14064
   1.05178   -0.84055
  -0.79307   -0.57591
   0.35679   -0.33934
   1.03285   -0.66874
  -0.99330   -0.53833
  -0.82473   -0.70388
  -0.62708   -0.16611
  -0.81115   -0.44612
  -1.18545   -0.49609
  -0.71574   -0.56439
  -1.11837   -0.99215
  -0.97070   -0.30978
  -1.42892   -0.22590
  -0.98254   -0.60230
  -0.28103   -0.01923
  -0.35277   -0.23593
  -0.24513   -0.09036
   0.90132   -0.28873
   1.22237   -0.33427
   1.11163   -0.73858
   0.88401   -0.55784
   1.07013   -1.09963
   0.60359   -0.72628
   1.04770   -0.62560
   1.16539   -0.96662
   1.13438   -0.68776
   0.38916    0.05924
  -0.48987    0.53685
  -0.90896   -0.09082
  -0.70732   -0.76944
   0.84970   -0.11081
  -0.94652   -0.25384
  -0.79492   -0.51893
   1.04366   -0.66494
   0.96538    0.10355
  -0.35011    0.75165
  -1.02110   -0.86793
   0.24193   -0.99882
  -0.35581   -0.81602
   0.12767    0.79661
  -0.04829    0.92960
  -0.87330   -0.33190
  -0.77642   -0.55714
  -0.85388   -0.38904
  -0.96024   -0.30654
  -0.96088   -0.21583
  -0.98231   -0.54222
  -0.96274    0.04545
  -1.28273    0.14068
  -1.24382   -0.68613
  -0.99846   -0.09793
  -0.89681   -0.42214
  -0.98001   -0.23266
  -0.53715   -0.00772
  -1.16582   -0.42387
  -0.89249    0.01064
  -1.32545   -0.43748
  -1.00198   -0.45647
  -1.06384   -0.57881
  -1.13151   -0.36109
  -1.18411   -0.39100
   0.64385   -0.54854
  -0.97807   -0.36497
   0.34726    0.24545
  -1.20733   -0.72968
  -1.38543   -0.01604
  -0.89529   -0.36588
  -1.36540    0.20651
  -0.78550   -0.07995
  -0.53177   -0.06161
  -1.08269   -0.46940
  -0.73709   -0.34638
  -0.77324   -0.45897
  -0.95317   -0.42979
  -1.06683   -0.90715
  -1.20688   -0.74052
  -0.71350   -0.65376
  -0.55907   -0.47628
   1.00898    0.62704
  -1.11317   -0.36098
   0.01868   -0.36718
  -0.97634   -0.31486
  -0.89083   -0.36392
   1.13836   -0.32046
  -0.96147   -0.26643
   0.43412    0.17806
  -1.12724   -0.43961
  -0.52336   -0.73410
  -0.93853   -0.10301
  -1.19156   -0.38669
  -1.52283   -0.48608
  -1.19374   -0.38621
  -1.05740   -0.30041
  -1.01768   -0.41336
  -0.95184   -0.17097
  -1.26618   -0.20443
  -0.52335   -0.62577
  -1.04482   -0.30731
  -0.55851   -0.64474
  -1.00007   -0.30400
  -0.66424   -0.61545
  -1.08890   -0.44790
  -1.07153   -0.22679
  -1.07575    0.08843
  -0.89749   -0.40646
  -0.37068   -0.41355
  -1.00278   -0.74309
  -1.15553   -0.36303
   0.67705   -0.48381
  -1.37000   -0.56038
  -1.15032    0.00377
  -0.46534    0.07031
  -0.77697   -0.46503
  -1.00365   -0.43977
  -0.69540   -0.26305
  -0.79889   -0.29203
  -0.89757   -0.13342
  -1.08785    0.15710
  -0.36185   -0.18121
   1.18247    0.12521
   0.90214   -0.33569
  -0.80344   -0.72135
  -1.14757   -0.67068
  -0.91629    0.59319
   0.03488   -0.28356
  -0.58730   -0.62973
  -1.04882   -0.55961
  -0.84055   -0.28462
  -1.05189   -0.27324
  -1.21931    0.07301
  -1.08928    0.10406
  -0.99183   -0.58470
   0.46509   -0.19765
   1.22562   -0.48667
  -0.59428   -0.71875
   0.88063    0.36988
   1.12220   -0.42960
   0.62367    0.40050
  -0.11513    0.66485
  -1.03043   -0.34834
  -1.12602    0.21822
  -1.14946    0.07354
   1.05401    0.48430
   0.93186    0.23376
   0.83344    0.45557
  -0.73689   -0.36543
   1.19524    0.31971
  -0.84717   -0.49608
   1.43157   -0.36875
   1.05998   -0.14598
   1.05686   -0.06928
   0.83782    0.33044
   0.94518   -0.24425
  -0.87475   -0.10178
   0.09500   -0.16916
   0.38165    0.67643
  -1.10170    0.40287
  -1.17097   -0.36469
  -0.59001    0.15946
  -0.92738   -0.54539
  -1.01864   -0.22178
  -0.83322   -0.35078
  -0.84676   -0.49385
  -1.25030   -0.32995
  -0.95806   -0.59902
  -1.46577   -0.57116
   0.60413   -0.47716
  -1.03188   -0.41148
  -0.95194   -0.21115
   0.78400   -0.16386
   0.94882    0.40884
  -1.14106   -0.58963
  -1.23467   -0.31728
  -0.36756   -0.14805
  -1.36224   -0.26620
  -0.89531   -0.45645
  -0.78919   -0.01808
  -1.08781   -0.02854
  -1.11398   -0.16360
  -0.76293   -0.27091
  -1.36954   -0.14461
  -1.43287   -0.10783
  -0.88985   -0.31388
  -1.34829   -0.06046
  -0.56431   -0.64546
   0.01056    0.20240
   0.10648    0.13106
  -0.76502   -0.27826
  -0.08679    1.01492
   1.25698   -0.39531
   1.44035   -0.49662
  -0.99195    0.11125
  -1.00769    0.30387
  -1.03350   -0.37196
  -1.04434   -0.57523
  -1.00753    0.18016
  -1.30942   -0.81932
  -1.07313    0.22272
  -0.98604   -0.65683
  -0.93578   -0.39038
  -0.97458   -0.20489
  -0.87730    0.24970
   0.97407   -0.13853
   1.05485    0.20379
  -0.69849    0.37737
   0.77798   -0.33451
  -1.29899    0.35736
  -0.87122    0.28638
  -0.14549    0.47083
   0.82679    0.19726
   0.55518    0.70347
   1.19529   -0.05476
   0.93747   -0.09215
   0.90203   -0.11531
   1.05630   -0.27788
   1.01797    0.41667
  -0.80191    0.00633
   1.03978   -0.04789
   0.63495    0.79418
   0.91550   -0.11990
   0.34821    0.29224
   0.83952    0.74350
  -0.98729    0.30913
   0.83104   -0.41823
  -0.51367   -0.40111
  -0.67191   -0.44723
  -0.46909    0.31676
  -0.57973   -0.37777
  -0.76153   -0.36231
  -1.00852   -0.73758
   0.19445   -0.20291
   0.81083   -0.73137
  -0.89272   -0.38760
   0.61239   -0.80654
   1.19895   -0.51364
  -0.70528    0.26163
  -1.01790   -0.01046
   0.57912    0.39344
  -0.60082   -0.18343
   0.37548    0.44025
  -1.01922   -0.11649
  -0.80602   -0.04178
   0.23209    0.24551
  -0.69156    0.33994
  -0.50797    0.22710
  -0.42768   -0.06884
  -0.45051    0.16022
  -0.91711    0.26943
  -1.04819   -0.07663
  -0.31704    0.53080
  -0.92457   -0.25094
  -0.83811    0.53943
  -0.85902   -0.73842
  -0.58850    0.07309
  -0.99643   -0.26759
  -0.86338   -0.03011
  -0.85827    0.33710
  -0.38296    0.31224
  -0.18252    0.20683
  -0.14396   -0.13482
  -0.26141   -0.18523
  -0.69239    0.05387
  -0.70591    0.09045
  -0.54902    0.04419
  -0.56893   -0.38719
   0.98626    0.13179
   0.65807    0.28401
  -0.67447   -0.36118
  -1.16272    0.07169
  -0.77291    0.23996
  -0.30319   -0.03551
  -0.97127   -0.00603
   0.26746   -0.52045
  -0.99381   -0.36450
  -0.48845    0.06162
  -0.91682    0.04209
  -0.66734    0.31915
  -0.62922   -0.19999
  -0.51183    0.15986
  -0.44928    0.16699
  -0.63045    0.18174
   0.03581    0.43784
  -0.79344   -0.36749
  -0.41361    0.21558
  -0.64876   -0.02569
  -0.57865    0.01074
  -0.84905    0.08105
  -0.52652   -0.15152
  -0.67013    0.12441
  -0.65787    0.22818
  -0.57664    0.09009
  -0.47473   -0.30030
  -0.84445   -0.16038
  -0.31030    0.61173
  -0.28416    0.16257
  -0.52250    0.40056
  -0.84160   -0.06343
  -0.86701   -0.41150
  -0.68729   -0.38791
   0.67115   -0.15668
  -0.63221   -0.32502
  -0.80522   -0.42522
  -0.70125   -0.39862
  -0.94809    0.18265
  -0.16561    0.49640
  -0.63063    0.31887
  -0.05412   -0.18897
  -0.95758    0.25384
  -0.45682    0.49127
  -0.17838   -0.02728
  -0.73087   -0.30991
  -1.00840   -0.35639
  -0.55227    0.19754
  -0.41619    0.26178
  -0.53999    0.46615
  -0.64813    0.22124
  -0.75377    0.43098
  -0.34019    0.38857
  -0.86925    0.20945
  -1.19974   -0.58802
  -1.05832    0.09875
  -0.56990   -0.08996
  -0.79675    0.23423
  -0.69075    0.15993
  -0.71052    0.20555
   0.04876    0.40556
  -0.74353   -0.13484
  -0.28744    0.12348
  -0.80945    0.28156
  -0.37429    0.36327
   0.92811   -0.15322
  -0.33644    0.37301
  -1.04232    0.17260
  -0.14236    0.43651
  -0.54735   -0.20967
  -1.17982   -0.18604
  -0.32222    0.04149
  -0.51394   -0.12894
   0.06562    0.28256
  -0.67805    0.09478
  -0.61852    0.76410
  -0.72808    0.09692
  -0.60191    0.03277
  -0.65646    0.26308
   0.24835    0.64337
  -0.56468    0.04418
  -0.69217    0.12907
  -0.46454   -0.35622
  -0.89803   -0.07466
  -0.94841   -0.02761
  -0.70663    0.13185
  -0.51504    0.02043
  -0.91574   -0.17090
  -0.90208    0.16614
  -0.41957   -0.06431
  -0.37686    0.39815
  -0.69280    0.50150
  -0.99228    0.40281
  -0.68006    0.23054
  -1.15851   -0.12876
  -0.21514   -0.12410
  -0.50613    0.20763
  -0.76125   -0.26137
  -0.82623   -0.04601
  -0.89379   -0.00075
  -1.09937    0.37947
  -0.85840    0.22671
  -0.77204   -0.23960
  -0.68407   -0.39477
  -0.76240    0.38623
   0.03699    0.24109
  -0.58657   -0.21365
  -0.45490    0.17164
  -0.74002    0.20760
  -0.59201   -0.89122
  -1.05961    0.04619
  -0.46067   -0.53228
  -0.57948   -0.54154
  -0.71753    0.21311
  -0.46871   -0.56309
  -0.94413    0.23503
   0.26319    0.03954
  -0.54822    0.59415
  -0.68973   -0.17528
  -0.50102    0.10724
  -0.84589   -0.44883
  -0.36866    0.27435
  -0.70705   -0.81577
  -0.78763   -0.42383
  -0.79885   -0.33644
  -0.67527   -0.70628
  -0.89631   -0.03320
   0.23132   -0.55454
   0.52188   -0.61720
  -0.79910   -0.06961
  -0.82450    0.13649
  -0.85647   -0.13416
  -0.97612   -0.75978
  -0.75880   -0.20521
  -0.58705   -0.23386
  -0.85733   -0.51733
   0.07907   -0.90880
  -0.92330   -0.18772
  -0.14780   -0.25015
  -0.13178    0.33792
  -0.25069   -0.35423
  -0.86700   -0.79791
  -0.50809   -0.36823
  -0.64006   -0.39480
  -0.77672   -0.79297
  -0.69906   -0.50884
  -0.92711   -0.35747
  -0.67099   -0.80181
  -0.92830   -0.33901
  -0.70973   -1.05596
  -0.85571   -0.44542
  -0.83109   -0.73152
  -1.01242   -0.90802
  -0.92891   -0.82990
  -0.84269   -0.02862
  -0.86150   -0.07452
  -0.65843   -0.80480
  -0.51942   -0.06105
  -1.00760   -0.35613
  -0.71987   -0.57540
  -0.88058   -0.00367
  -0.72836   -0.05752
  -0.56670   -0.24794
  -0.55929   -0.01800
  -0.14932   -0.62266
  -0.09914    0.13936
  -0.21931    0.12633
  -0.33285   -0.05508
  -0.89222   -0.02530
  -0.66647   -0.33804
  -0.68860   -0.77120
  -0.64984   -0.39121
  -0.73807   -0.67327
  -0.67674   -0.76001
  -0.76652   -0.09766
  -1.13098   -1.01614
  -0.56702   -0.55968
  -0.66958   -0.35406
  -1.11433   -0.13195
   1.01804   -1.21852
  -0.54177   -0.83883
  -0.63637   -0.31065
  -0.81998   -0.73735
   1.00824   -0.84956
   0.11195   -0.95456
   0.97976   -0.18011
   1.03425   -0.46296
   1.04512   -0.34043
   1.07263   -0.12161
   0.84116   -1.31014
   1.08013    0.03787
   0.53335   -0.10042
  -0.64997   -0.11464
  -0.86095   -0.62771
   1.16638   -0.24876
   0.99813   -0.22464
   1.19896   -0.25019
  -0.76856   -0.14514
  -0.47770   -0.64094
  -0.45061   -0.61664
  -1.07513   -0.00030
  -0.77651   -0.19325
  -0.18920   -0.05933
  -0.89283   -0.20495
  -0.64231    0.19446
  -0.68508   -0.43081
  -0.77443   -0.24648
  -0.55774   -0.33956
  -0.21669    0.06035
  -0.70399   -0.37372
  -0.85751   -0.71007
  -0.74316   -0.88254
  -0.57775   -0.57710
  -0.81150   -0.23755
  -0.81868   -0.71608
  -0.68594    0.03530
  -0.70599   -0.68366
  -0.82664   -0.09830
  -0.70073   -0.43248
  -0.82914   -0.68121
  -0.83443   -0.81071
  -0.84102   -0.68841
  -0.83416   -0.15365
  -1.10804   -0.08156
  -0.80737   -0.19273
  -0.67738   -0.12842
   0.78230   -0.85549
  -0.90535   -0.52441
  -0.86189    0.05737
  -0.91738   -0.06803
  -0.46473   -0.05286
   0.60085   -0.42519
  -0.85094   -0.31732
  -0.36921   -0.49416
  -0.72912   -0.64728
  -0.66456   -0.46619
  -0.75967   -0.15590
   0.12103    0.02994
  -0.91661    0.00062
  -1.05388   -0.20384
  -0.72813   -0.45230
  -0.51431    0.23332
  -0.72333    0.02433
  -0.85522   -0.05458
   0.08981   -0.48243
  -0.84936   -0.11596
  -0.43244   -0.41538
  -0.92703    0.07540
  -0.88255   -0.08484
  -0.55738   -0.04741
  -0.28925    0.21523
  -0.99949   -0.65606
  -0.53037   -0.02135
  -0.72369    0.04001
  -0.65654    0.18545
  -0.84014    0.11290
  -0.85138   -0.15810
  -0.15565    0.55918
  -0.42846    0.55607
  -0.60487    0.51442
  -0.91611    0.03221
  -0.84222    0.52522
  -0.93431   -0.69762
  -0.62435    0.22234
  -0.66160    0.44749
  -0.70515    0.36584
  -0.54746   -0.05547
  -0.81332    0.68172
  -0.69053    0.66411
  -0.37636    0.16965
  -0.63525   -0.32919
  -0.80190    0.72286
  -0.89820    0.56250
  -0.77992    0.63567
  -0.14184    0.59819
  -0.37261    0.24617
  -0.73006    0.16144
  -1.00619   -0.24225
   0.36050   -0.23208
  -0.96965    0.51291
  -0.76810    0.75749
  -0.45937    0.69170
  -0.83137    0.27733
  -0.71112    0.36152
  -0.45027    0.35011
  -0.45373    0.64405
  -0.35910    0.74523
  -0.56451    0.35960
  -0.72901    0.31137
   0.05965    0.96780
  -0.72045    0.23815
  -0.88037    0.60895
   0.09042    1.10769
  -0.74419    0.44351
  -0.68450    0.61935
  -0.42468    0.56450
  -0.79424    0.26832
  -0.36139    0.54415
  -0.84021    0.32819
  -0.67362    0.59341
  -0.42518    0.42302
  -1.12279    0.53381
  -0.64736    0.49586
  -0.70405    0.45947
  -0.46142    0.68572
  -0.45399    0.27796
   0.01434   -0.10282
  -0.45015    0.46199
  -0.66825    0.56528
   0.65446    0.81749
  -0.61312    0.40230
  -0.83623    0.19885
  -0.96362    0.00866
   0.15022    0.85595
  -1.01381    0.18274
  -0.62877    0.29153
  -0.63099    0.43968
  -0.37185    0.33078
  -0.58231    0.57273
  -0.76503    0.61733
  -0.74136    0.47561
  -0.51120    0.40883
  -0.83012   -0.02088
  -0.84820    0.21282
  -0.62840    0.58609
  -0.45885    0.20256
  -0.40507    0.73015
  -0.58074    0.62214
  -0.45062    0.28683
  -0.65319    0.49966
  -0.69314    0.07163
  -0.80206    0.24709
  -0.17236    0.53819
  -0.66815    0.40700
  -0.78214    0.59007
  -0.62878    0.35667
  -0.72759    0.26354
  -1.00149    0.30283
  -0.81172    0.25651
  -0.86096    0.83741
  -0.74672    0.02541
  -0.40865    0.48387
   0.28358   -0.01354
  -0.47662    0.13794
  -0.80030    0.27401
  -0.65304   -0.00177
  -0.43071    0.21858
  -0.82656    0.06991
  -0.96148   -0.20294
  -0.96081    0.14750
  -0.72864    0.02948
  -0.37078   -0.35299
  -0.46659    0.24901
  -0.55704    0.52891
  -0.71074    0.42230
  -0.73512    0.60811
   0.39867    0.63644
  -0.97076   -0.07210
  -1.03849    0.48198
  -0.63197    0.31565
  -0.82346    0.30531
  -0.51696   -0.18462
  -0.68984    0.42415
  -0.94794    0.84103
  -0.83643    0.01737
  -1.25856    0.48936
  -0.57696   -0.15698
  -0.90890   -0.42061
  -0.30814    0.19490
   0.58960   -0.45581
  -0.30006    0.42781
  -0.04813   -0.20127
  -0.64194    0.25739
  -0.59990    0.54369
  -0.60141    0.53868
  -0.64916    0.19627
   1.14007    0.85963
  -0.50993   -0.43688
  -0.95711    0.30082
   0.07889    0.70544
  -0.78017   -0.30192
  -0.44641   -0.24038
  -0.57580    0.73844
  -0.81080   -0.04205
  -0.24074    0.04752
   0.01285    0.46626
   0.48105   -0.05827
  -1.00300    0.22395
  -0.89858    0.25132
  -0.74174    0.48676
  -1.00554   -0.58466
  -0.64596    0.62927
  -0.52432    0.66983
  -0.81455   -0.48939
  -0.62897    0.58123
  -0.32751    0.25833
  -0.62674   -0.21779
  -0.77279   -0.08579
  -0.76805   -0.36246
  -0.70801   -0.27625
  -0.23250    0.56186
  -0.70394   -0.55761
  -0.47298   -0.36816
   0.20670    0.89828
   0.25156    0.70305
   0.54496   -0.04366
   1.05268    0.15201
   1.05387    0.03115
   0.38641    0.16944
   0.07172    0.15734
  -0.26963    0.38955
  -0.05528    0.27687
  -0.64703    0.45756
  -0.21659   -0.11353
   0.76222   -0.12183
  -0.73575   -0.11192
  -0.33252    0.19586
  -0.68035    0.12638
   1.27239   -0.12107
   0.76221    0.41393
  -0.04206   -0.74410
   0.51236    0.20123
   0.60685    0.24705
  -0.70016    0.20438
  -0.68292   -0.24501
  -0.19792    0.26479
  -0.07858   -0.41074
  -0.46414   -0.03743
  -0.27646    0.31769
  -0.30904   -0.20766
   0.24082   -0.09389
   0.67268   -0.06143
   0.03125   -1.11250
   0.89514   -0.18614
   0.32809   -0.62702
   0.03014   -0.31475
  -0.45798   -0.60130
  -0.81487   -0.30154
  -0.56266   -0.26410
  -0.70950    0.45736
  -0.64837    0.66675
  -0.74021   -0.26004
  -0.72932   -0.06152
   0.53441   -0.44506
  -0.45202    0.57098
  -0.43611    0.61622
  -0.72314    0.68923
  -0.76903   -0.41321
  -0.54145    0.50349
  -0.71825   -0.34996
  -0.59856   -0.03776
  -0.56682    0.46748
  -1.07387   -0.52649
  -0.41691    0.46766
   0.48425   -0.33962
  -0.93707    0.04621
  -1.12995    0.02475
  -0.02249   -0.33481
   0.12449    0.13001
  -0.07168   -0.23680
   0.88411    0.03457
  -0.72533    0.52372
   0.97399   -0.08509
   0.85497   -0.87806
  -0.69528   -0.43439
  -0.77619   -0.39232
  -0.86136   -0.12856
  -0.87715   -0.36023
   0.40176    0.42210
   1.01201    0.13560
   0.03020   -0.29232
   0.50875   -0.54191
   0.74498   -0.23284
  -0.79013   -0.07728
   0.49522    0.07411
  -0.65829   -0.24592
  -0.18005    0.30176
  -0.26552    0.09944
  -0.83007    0.05366
   1.01383   -1.18692
  -0.79291    0.20048
  -0.78210   -0.18224
  -0.45581    0.37752
   0.20132   -0.32345
  -0.24585    0.35679
   1.05402   -0.27201
   1.10731   -0.17930
   0.52802    0.80115
   1.06019   -0.12741
   0.85651   -0.03144
   0.91944   -0.45461
   1.13665   -0.18120
   0.92274   -0.27095
  -0.63896    0.17419
   1.16630   -1.10394
  -0.61745   -0.19792
  -0.72164   -0.29340
  -0.78530   -0.49893
  -0.66373    0.40305
  -0.39100    0.38640
   0.27635    0.30560
   1.01350   -1.15116
   0.56741    0.03845
   0.23641    0.79066
   0.09598    0.86979
   0.51995   -0.65637
   1.07536   -0.15804
   0.66257   -0.64913
  -1.24771    0.29213
  -0.63071    0.34545
  -0.25468    0.45498
  -0.06958   -0.46527
   0.16077   -0.40429
   0.85294    0.36658
  -0.44808    0.16928
  -0.62788   -0.63507
  -0.65831   -0.75424
   0.65293    0.33527
   1.07438   -0.28676
   0.97720   -0.21174
  -0.79737   -0.35952
  -0.66240    0.09775
  -0.59774    0.52497
  -0.55512    0.12818
   1.04639   -0.17470
  -0.57154    0.46892
  -0.45543    0.57562
  -0.18428   -0.47423
  -0.40718    0.51252
  -0.59341   -0.30699
  -1.00963    0.18185
  -0.36375   -0.19520
   1.13024   -0.15223
   0.97904    0.23546
  -0.51164    0.43267
   0.42229    0.49111
  -0.70960   -0.14781
  -0.97147    0.37575
  -0.92352   -0.41938
  -0.96790    0.32820
  -0.57452    0.62902
  -0.31788    0.55265
   0.28667   -0.60933
  -0.45468    0.49717
  -0.56030    0.57279
  -0.18080    0.34507
  -0.58026    0.68874
  -0.79742    0.32164
  -0.17275    0.60405
  -0.65704   -0.18367
   0.46337   -0.66312
  -0.21992   -0.60014
  -0.45802    0.07579
  -0.74613    0.18017
  -0.52252    0.51882
  -0.74954   -0.77507
  -0.68690    0.06034
  -0.01937    0.15068
   0.88810   -0.30114
   0.82049   -0.70971
   0.74378    0.61923
   0.82252    0.48946
   1.05372   -0.05059
  -0.77666    0.09426
  -0.74681   -0.50676
  -1.00192   -0.41242
  -0.72598   -0.23081
  -0.64316   -0.22004
  -0.50616    0.08573
  -0.72191   -0.54092
  -0.55397    0.22495
   0.80400   -0.03804
  -0.32958    0.58565
   1.10903    0.40870
  -0.68450   -0.07399
  -0.65584    0.29394
   0.96615    0.31501
  -0.56763    0.95088
   0.49474    0.08908
  -0.71387   -0.23679
  -0.64851   -0.02228
  -1.00001   -0.71769
  -0.67585   -0.08699
  -0.31300   -0.80279
  -0.45242   -0.08985
   0.98032   -0.27896
   1.19315    0.01960
  -0.07145    0.53829
   1.09492   -0.28855
   0.83997   -0.13265
  -0.48395    0.28282
   0.88482   -1.10000
   0.21847   -0.45177
   1.17651    0.23170
   1.16042   -0.42395
   1.09495   -0.67269
   1.20733   -0.15973
   1.04703   -0.18241
   0.99797   -0.40561
   0.94202   -0.28948
   0.94082   -0.25256
   0.95843   -0.10193
   1.20547   -0.18514
   0.00128   -0.43070
  -0.79420    0.24314
  -0.34157    0.32232
   0.18670   -0.40387
   1.04246   -0.19930
   1.10923   -1.01412
   0.95424   -0.08032
   1.02163   -0.77831
  -0.68078   -0.87987
  -0.88565   -0.83029
  -0.41776   -0.16160
  -0.15577   -0.54950
  -0.78699    0.45676
  -0.89203   -0.66079
   0.97320   -1.38916
   0.97282   -0.54754
  -0.45757   -0.52338
  -0.67594   -0.42713
  -0.55583   -0.21108
  -0.68458   -0.44053
  -0.75885   -0.20506
  -0.69096   -0.46174
   1.12118   -0.19694
   0.83233   -0.22308
   1.03201   -0.27375
   1.13249   -0.27805
   1.00205   -0.20286
   0.99284   -0.34430
   1.12356   -0.08930
   1.05660   -1.08998
  -0.04579    0.69126
   0.75611   -0.92742
   0.97492   -0.34460
   0.92314   -1.19940
   0.55213   -0.72419
   1.19454   -0.47416
   1.28740   -0.07253
   1.03485   -0.36221
   1.12833   -0.43009
   0.91083   -0.49752
   1.08588   -0.25620
   1.00534   -0.49226
   1.28946   -0.12663
   1.05935   -0.11555
   0.86606   -0.18865
  -0.64710    0.44699
   0.29590   -0.21498
  -0.15663    0.06060
   1.15900   -0.81041
   1.13484   -0.17672
  -0.22960   -0.93021
   0.25399   -0.92662
  -0.05771    0.22893
  -0.84842    0.18433
  -0.85324    0.60384
   0.84943   -0.57125
  -1.10713    0.38511
  -0.83945    0.47431
  -1.05171    0.57633
   1.08475   -0.72308
  -0.75819   -0.35560
   0.38177   -0.13424
  -0.67321   -0.40049
  -0.69201    0.14454
  -0.75399   -0.81307
  -0.25085    0.35432
   0.93482   -0.11474
   0.93184   -0.14922
   0.98173   -0.37439
  -0.96703   -0.73012
  -0.95252   -0.39130
  -0.77533    0.02677
  -0.57379   -0.19266
  -0.07818    0.19000
   0.93864   -0.57552
   0.91376   -1.21106
   0.79280   -1.18244
   1.05429   -0.20838
   0.95733   -0.20061
   1.09214   -0.65005
   0.71497    0.21030
  -0.88743   -0.36894
  -1.01243    0.52513
  -0.78689   -0.08374
  -0.39034    0.15098
   1.13320   -0.10265
   1.06508   -0.25219
   1.12115   -0.13814
  -0.91341   -0.65761
  -0.98740   -0.81991
  -0.94434   -0.25816
  -1.04659    0.47030
  -0.68035    0.06535
   0.42833    0.34528
   0.74332    0.85083
   0.96519   -0.25963
  -0.89542    0.07042
  -0.60056   -0.62635
  -0.09281    0.25180
  -0.47092    0.10192
  -0.61986   -0.54800
  -0.52749   -0.46804
   1.08757   -0.42464
   1.15486   -0.30168
   0.97363   -0.08447
   1.06597    0.29503
   0.89319   -0.02383
  -0.71945    0.11602
   0.87866   -0.57351
  -0.49438   -0.20277
   1.27884   -0.27132
   0.99197   -0.67006
   0.83500   -1.11907
  -0.12891   -0.10250
  -0.81893    0.17661
  -0.65922    0.04436
  -0.72628    0.09862
  -1.38976    0.34070
   0.55469   -0.30924
   0.31763   -0.50982
  -0.84436    0.14014
  -0.18692    0.63401
   0.94216   -0.61114
   0.83925   -0.82244
   0.89049   -0.60559
  -0.20934   -0.22860
  -1.16969    0.67396
   1.00375   -0.29581
   0.59634    0.81885
   0.94434   -0.17464
   0.90293   -1.08073
  -0.40535    0.81330
  -0.69096   -0.20102
  -0.56538   -0.35968
  -0.73890   -0.37669
  -0.49575   -0.25302
  -0.39598    0.78869
  -0.42926   -0.36548
   0.91311   -0.88701
   0.81078    0.75904
  -0.68441   -0.27262
  -1.08141    0.47435
  -0.56293    0.73388
  -0.80613   -0.58963
  -0.62258   -0.49057
   0.49947   -0.38641
  -0.34578   -0.06743
  -0.73416   -0.71695
  -0.78106   -0.32508
  -0.72563   -0.39482
  -0.78807    0.16985
  -0.35874    0.02214
  -0.78792   -0.52638
  -0.55687   -0.10540
  -0.90807   -0.06349
   0.86295    0.20027
  -1.01278   -0.92025
  -0.89567   -1.11584
  -0.81497   -0.18867
  -0.77654    0.53516
  -1.11529    0.23839
  -0.47305   -0.80422
   0.17581    0.62392
   0.69650   -0.10523
   1.01495   -0.70941
   1.22460    0.21782
   0.90959   -1.14646
   0.80374   -1.20372
  -1.17656   -0.94018
  -0.41869    0.07032
   1.03233   -0.17800
   0.91405   -0.10596
   1.02773   -0.20982
   1.03907   -0.06004
   1.05529   -0.06078
   0.94355   -0.26418
   1.08634    0.06606
   1.15775   -0.06418
   1.06988   -0.17178
   0.98313   -0.28663
   1.12194   -0.13022
   1.02434    0.08347
   1.18953   -0.30200
   1.07357   -0.06904
   0.88378    0.05775
   1.08138   -0.01293
   1.01083   -0.02477
   0.99662   -0.28297
  -0.12976    0.41283
   0.81326   -0.22381
   1.02964   -0.15867
   0.86404   -0.16205
   0.37414    0.01021
  -0.19616   -0.36675
   0.32905    0.04710
  -0.80287    0.09021
  -0.56783    0.33856
   0.12439   -1.18000
  -0.25987   -0.46310
  -0.19221   -0.50734
   0.30433   -0.13865
   0.12642   -0.65670
  -0.71722   -0.74694
   0.18326   -0.24123
  -0.71176    0.83454
   0.70298   -0.18487
   0.32117    0.37849
   0.04467   -1.16483
   0.38252   -0.72389
  -0.77993   -0.23366
   0.77316   -0.13799
   0.92917   -0.57274
   0.96521   -0.30670
   1.08825   -0.07732
   0.94374   -0.18944
   0.99211    0.00254
   0.91602   -0.17058
   1.03116   -0.20961
   1.12047    0.10753
   0.58434    0.14605
   0.37741    0.57040
  -0.97789   -0.47021
  -0.86988   -0.56241
   0.80380   -1.10392
   0.87829   -0.66170
   1.04177   -0.54246
   0.97184   -0.52663
  -0.67985    0.47239
  -0.27117   -0.39842
   0.96740    0.25160
   0.95786   -0.45793
  -0.59683    0.01487
  -0.15195   -0.03036
   0.73323   -1.20250
   1.09702   -1.17738
  -0.90141   -0.71852
  -0.43868   -0.56062
   0.11699    0.24859
  -0.49843   -0.43602
  -0.67295    0.40412
  -0.54231    0.31641
   1.08883   -1.17592
   1.22858   -0.39589
  -0.66825    1.11805
  -0.79772   -0.21512
  -0.54860   -0.00857
   1.08431   -1.16749
   0.71718    0.01270
  -0.77628    0.05553
   0.83723   -0.14489
   1.10946   -0.16281
   0.83117   -0.19438
  -0.64970   -0.04929
  -1.00002   -0.27799
  -0.99735   -0.48770
  -0.68778   -0.59400
  -0.77527    0.15226
  -0.46047    0.01483
  -0.72078   -0.42843
  -0.21298   -0.29072
  -0.28788   -0.28597
  -0.62745   -0.05620
  -0.49644   -0.14221
  -0.87173   -0.06609
  -0.41061   -0.14220
  -0.90187   -0.26390
  -0.13395    0.11243
   0.85559   -0.27313
   1.10244    0.10570
   1.29206   -0.07318
   0.70880   -0.36765
   0.82531   -0.21429
   0.17783   -0.08643
  -0.78161    0.17473
  -0.31232   -0.56009
  -0.77304    0.15513
  -0.49839   -0.10306
  -0.44415   -0.42717
   0.88963   -0.20667
   1.17447   -0.20585
   1.05891   -0.05129
   1.01233   -0.22801
   0.83805   -0.30537
   0.86815   -0.40786
   1.06960   -1.30698
  -0.93832   -0.33505
  -1.09309    0.57254
  -0.55446   -0.60780
   0.97562   -0.46756
  -0.83156   -0.42881
  -0.13149   -0.39320
  -0.41634   -0.37352
  -0.47194    0.16739
   0.52352    0.08860
   0.94650    0.44668
   0.86297   -0.05111
  -0.11194    0.15779
  -0.25117   -0.11691
  -0.36018   -0.18589
  -0.95931    0.16541
   0.80101   -0.33461
   0.70680   -0.04415
   1.12179   -0.41700
  -1.12105   -0.33518
  -0.54198   -0.63261
  -0.21284   -0.76209
  -0.84004   -0.74990
  -0.36620   -0.41936
  -0.84852   -0.54736
  -0.78004   -0.66091
  -0.69077   -1.02109
  -0.55240   -0.74323
   0.72071   -0.31373
   0.69729    0.08394
   1.13912   -0.09191
  -0.99087   -0.70906
   0.90336    0.07260
   0.00657    0.48998
  -0.73767   -0.17788
  -0.88607   -0.59273
  -0.33079   -0.18830
   0.27112   -0.09015
  -0.54261   -0.35792
  -0.20624   -0.37938
   1.19233    0.20677
  -0.74756   -1.04172
  -0.86883    0.09645
  -0.05102   -0.24511
  -0.82422   -0.80598
   0.99067   -0.98429
   0.13271   -0.67736
   0.41748    0.28691
   0.84252   -0.64727
   1.04883   -0.81517
  -0.32933    0.29707
  -0.43959   -0.11821
  -1.05984    0.27700
   0.11838   -0.32178
   0.96631   -0.13020
   0.15711   -0.51601
   0.81425   -0.24741
  -0.74696   -0.58265
  -0.76531    0.03397
   0.12608    0.93315
  -0.80619   -0.25746
  -0.63498    0.10991
  -0.74684   -0.86701
  -0.90810   -0.33779
   1.21776   -0.15793
   0.95828   -0.08606
  -0.51855   -0.01782
  -0.05483    0.66716
  -0.63343   -0.65070
   0.69681   -0.17318
   0.71022    0.41963
   0.77580    0.10749
   0.47699   -0.59273
   0.30988   -0.13680
   1.13424    0.15524
  -0.81548    0.00598
  -0.57994   -0.50629
  -0.02564    0.38502
  -0.21320    0.52172
   0.11496   -0.14752
  -0.23593   -0.59789
   0.09020   -0.31196
  -0.79060   -0.17245
  -0.13999   -0.48163
   0.40076   -0.26912
   0.31704   -0.53208
   0.54916   -0.40804
   0.18216   -0.44033
  -0.05381   -0.26813
   0.15354   -0.32763
   0.22344   -0.27886
  -0.15133   -0.31415
  -0.52561   -0.04934
  -0.70668   -0.54107
  -1.00199   -0.26334
  -0.59036   -0.19019
  -0.83676   -0.14408
   0.01339   -0.22378
  -0.50144   -0.67001
  -0.51140   -0.59487
  -0.76504   -1.00763
  -0.42089   -0.53680
  -0.58085   -0.40752
  -0.53822   -0.59558
  -0.34207   -0.43601
  -0.25126   -0.55001
  -0.23291   -0.77615
  -0.50988   -0.54214
  -0.30942   -0.61976
   0.72279   -0.26004
  -0.00335   -0.27932
   0.24636   -0.28038
   0.01875   -0.42571
   0.12153   -0.36705
   0.31858   -0.31443
   0.14534   -0.29676
   0.06301   -0.27280
  -0.95048   -0.06518
   0.70076    0.10253
  -0.53228    0.37217
   1.13031   -0.18852
  -0.10955   -0.61609
  -0.75823   -0.23094
  -0.77598   -0.60495
  -1.03024   -0.50625
  -0.79173   -0.69466
  -0.97238   -0.88061
  -0.61870   -0.64698
   0.94322   -0.19404
   0.88247   -0.18651
   0.97040   -0.27729
   1.26950   -0.06764
   1.13374   -0.26336
   1.08294   -0.28557
   1.21170   -0.27362
   0.04456   -0.28401
   0.70679   -0.38177
   1.18727   -0.11118
   1.10530   -0.23345
   1.16626    0.12220
   1.03718   -0.28135
   0.97694   -0.28059
   1.05010   -0.28594
   1.06566   -0.16138
   1.09197   -0.27575
   1.15408   -0.55481
   1.09308   -0.06869
   1.30664   -0.15833
  -0.54877   -0.64840
   0.93093   -1.20459
  -0.71213   -0.66619
  -0.23764   -0.17802
  -0.82205   -0.50114
  -0.93602   -0.66968
  -0.88581    0.26430
  -0.21346   -0.17313
   0.91055   -0.34167
   1.32652   -0.26024
   1.06118   -0.18915
   1.14407   -0.26183
   0.86029   -0.52750
   0.77514   -0.31226
   1.07493   -0.28082
  -0.69466   -0.33530
  -0.74220   -0.38444
  -0.46581   -0.04032
  -0.56389   -0.29552
  -0.69415   -0.22779
  -0.75060   -0.67016
  -0.59778   -0.52940
  -0.36043   -0.57120
  -0.64032   -0.19255
   0.85578   -0.44029
  -1.06663   -0.79712
   0.12395    0.72196
  -0.30475   -0.50374
  -0.01888   -0.45910
   1.19158   -0.50706
   1.02059   -0.25779
   1.10061   -0.07192
   1.17465   -0.31578
  -1.15645    0.08714
   0.95737   -0.10203
   1.15518   -0.03695
   1.09055   -0.14114
   1.09738   -0.17466
   1.08004   -0.09393
   0.96511   -0.29086
   1.05343   -0.14981
   1.06289   -0.28755
   0.60395    0.10770
   1.05300   -0.27770
   1.07171   -0.09169
   0.90969   -0.69252
   1.11923   -0.24919
   0.90772   -0.22171
   1.07601   -0.14112
   1.24756   -0.07942
   1.08800   -0.31128
   0.49835   -0.95553
   1.18457   -0.20812
  -0.38191   -0.88654
  -1.19742   -0.79417
  -0.66321   -0.17031
  -0.80473   -0.42103
  -0.44683   -0.37568
  -0.86106   -0.40352
   0.37274   -0.71409
  -0.73473   -0.29012
  -0.78154    0.28656
  -0.55365   -0.51596
  -0.29139   -0.29771
  -0.55195   -0.45892
  -0.93989   -0.46643
  -0.41696   -0.38333
  -0.54307   -0.18518
  -0.55273   -0.25953
  -0.83138   -0.72540
  -0.72520   -0.32714
  -0.55890    0.14651
  -0.79908   -0.08285
  -0.72291   -0.66926
  -0.16151   -0.19121
  -0.25552    0.01501
  -0.48066   -0.54007
  -1.01513   -0.12321
   0.83493   -0.19201
   1.01864   -0.58330
  -0.45541   -0.82095
   1.08463   -0.17945
   1.09919   -0.21618
   1.00046   -0.83400
  -0.31921   -0.17602
   0.64959   -0.64290
   0.61799   -0.44299
  -0.55747   -0.19149
  -1.29687   -0.76069
  -0.56761    0.32395
  -0.63167    0.26669
   1.03190   -0.53709
  -0.73285   -0.25831
  -0.91684   -0.28325
  -0.68088   -0.22131
  -0.91312    0.04634
  -1.00952   -0.38570
   1.07727   -0.19469
   1.09005   -0.35097
   1.09218   -0.13864
   1.20607   -0.13273
   1.18532   -0.79248
   1.11007   -0.26158
  -0.98090   -0.44404
  -0.12318    0.21462
  -0.64757   -0.45083
   0.20876   -0.15631
   0.97379   -0.21255
   1.04706   -0.27463
   0.93297   -0.29180
   1.01915   -0.38792
   1.08709   -0.19572
   1.10084   -0.03872
   1.09289    0.00161
   1.12629   -0.39652
   1.07400   -0.05817
   1.12312   -0.23323
  -0.61723   -0.62146
   0.55739   -0.52027
   0.75719   -0.26829
   1.14730   -0.13181
   1.08310   -0.10527
   0.92759   -0.27957
   1.23325   -0.73570
   1.09003   -0.18121
   1.16025   -0.34941
   1.12992   -0.84726
   1.22651   -0.88717
   1.08317   -0.30756
   1.04085   -0.12443
   1.01815   -0.67033
  -1.09262    0.19090
  -0.62918   -0.43485
  -0.58040   -0.40119
  -0.75153    0.33895
  -0.64741    0.11049
  -0.81323    0.42902
  -0.63675   -0.30668
  -0.86339   -0.27917
  -0.81229   -0.52039
  -0.94802   -0.66177
   0.96414   -0.68748
   0.69480   -1.10609
   1.09725   -0.15067
   0.79881    0.39728
   1.14539   -0.86716
  -0.07577    0.54112
  -0.77357    0.32659
   1.04926   -0.17743
  -0.41519   -0.29319
  -0.12674   -0.62555
  -0.82470   -0.31908
   0.64698   -0.61636
   0.76166   -0.45641
   1.13755   -0.51041
   0.89276   -0.83817
   0.67579   -1.26538
   1.00700   -0.20239
   0.55871   -1.06372
   0.11236   -0.65880
   0.06998    0.70407
   0.98537   -0.59909
  -0.59853   -0.59176
  -0.19169   -0.71772
  -1.00686   -0.82116
  -0.64585    0.28402
  -0.66959    0.45218
  -0.84109    0.38417
  -0.55386    0.36874
  -0.28690   -0.10926
   1.00118   -0.36381
   1.07351   -0.30623
   0.83798    0.38192
   0.98289   -0.24265
   0.83932   -0.21511
  -0.88013   -0.11055
  -0.70510   -1.03401
  -0.78106   -0.81392
  -0.43149   -0.58821
  -0.09185   -1.08537
   0.93037   -0.24762
   0.00731    0.39667
   0.61650    0.21618
   0.68286   -0.78978
   0.81670   -1.23319
   0.90630   -0.41015
  -0.55648   -0.38619
   0.76417   -0.57121
   1.00273   -0.30028
   1.05268   -0.19513
   1.16280   -1.06615
   1.07001   -0.24478
   1.10343   -0.19017
   1.09837   -0.25384
   1.10653   -0.80714
   0.93029   -0.17076
   1.20126   -0.19345
   1.16553   -0.72875
   1.24158   -0.75244
   0.86812   -1.26061
   1.12917   -0.27237
   1.10345   -0.29620
  -0.47567    0.62166
  -0.51900   -0.32639
   1.00147    0.38832
   1.15789   -0.41563
   0.95081   -0.31098
   1.08987   -0.87853
   1.18718   -0.20121
   1.15761   -0.59296
   0.88667   -0.04434
   1.02449   -0.37450
   1.13138   -0.25527
   0.99934   -0.36426
   1.02542   -0.88939
   1.10826   -0.19749
   1.05367   -0.25750
   1.02668   -0.32506
  -0.51204   -0.12862
  -0.65136    0.24551
  -1.06020   -0.87951
  -0.75922    0.25303
   0.96569   -0.58794
  -0.97346   -0.77760
   0.99401   -0.87914
   1.18281   -0.04619
   1.05715   -0.11130
   1.12608   -0.14388
   0.73298   -0.80890
   1.24683   -0.03671
   1.00190   -0.30234
   1.01511   -0.06274
   0.18578   -0.31258
   0.98432   -1.07981
  -0.81450   -0.61779
  -0.88351   -0.98686
  -0.46409   -0.52023
  -0.66551   -0.41326
  -0.00957   -0.57946
   0.75127   -0.48897
   0.57207   -1.21841
  -0.22859    0.69432
   0.90736   -0.98189
  -0.76314   -1.00773
  -0.77197   -0.88738
  -0.60631   -0.41774
   1.15646   -0.18514
   1.09821   -0.81828
   1.07988   -0.20440
  -0.37555   -0.52178
  -0.63158   -0.50421
  -0.38270   -0.60227
   1.02666   -0.08517
   0.90553   -0.09902
   0.98164    0.08183
   0.86333   -0.40859
   0.96459   -0.22684
   1.09162   -0.33071
   1.13163   -0.06762
   0.84564   -0.48399
   1.17818   -0.71368
   1.06667   -0.14198
   0.93289   -0.45611
   1.14629   -0.72202
   0.99144   -0.19960
   1.04442   -0.27775
   1.03728   -0.18369
   1.01796   -0.88463
   1.01172   -0.35312
  -0.96563   -0.45018
  -0.84516   -0.00454
   1.00311   -0.34918
   0.99211   -0.95869
   1.13302   -1.11157
   1.03507   -1.17933
   0.94036   -0.22002
  -0.83885    0.04669
  -0.58797   -0.08624
  -0.47463   -0.42306
  -0.51750   -0.53261
  -0.18484   -0.32808
   0.94362   -0.28647
   0.95142   -0.38068
   1.05381   -0.37014
   1.18051   -0.84613
   1.05308   -0.20749
   1.05442   -0.12765
   1.13799   -0.14572
   1.16927   -0.24011
   0.87331   -0.06295
   0.99692   -0.26510
   1.15179   -0.29793
   1.10634   -0.12241
   1.16232   -0.21172
   0.87741   -0.34588
   1.16486   -0.26536
   0.86733   -0.92195
   0.52998   -0.30883
  -0.97259   -0.56319
  -0.70665   -0.80440
   0.64888   -0.61274
   1.11141   -0.22892
   1.13843   -0.94950
   1.10355   -0.16103
   1.01436   -0.28889
   1.14925   -0.23237
   1.11130   -0.26228
   1.08127   -0.15640
   0.96698   -0.22649
   1.07510   -0.25167
   1.02952   -0.30762
   1.04676   -0.42675
   0.92714   -0.45157
   1.23705   -0.37832
   0.94831   -0.17777
   1.01096   -0.17558
   1.14562   -0.36116
   0.96828   -0.63811
   1.17295   -0.37782
   0.99185   -0.19363
   1.14603   -0.04745
   1.03095   -0.40071
   0.86629   -0.40044
   0.27274   -0.62118
   1.09717   -0.04328
   0.99394   -0.09269
   0.91664   -0.18439
   0.88236   -1.19716
   0.87918   -0.34788
   1.07394    0.07990
   1.04936   -0.30004
   0.90633   -0.30460
   0.90683   -0.13981
   0.29806    0.16587
   0.18319   -0.44283
   1.13198   -0.66050
   0.63825   -0.30931
  -0.62974   -0.43028
  -1.10721   -0.67196
  -1.16680   -0.61928
   1.02261   -0.42135
   1.13778   -0.20340
  -0.09699    0.69858
   0.25476   -0.98801
   1.01364   -0.11221
   1.04341   -0.19105
   1.04510   -0.12800
   0.98562   -0.33339
   1.07324   -0.36625
   1.14939   -0.13209
   1.11146   -0.21688
   1.09804   -0.37901
   1.15241   -0.34746
   1.20838   -0.14570
   1.03713   -0.25044
   1.16431   -0.29811
   1.13635   -0.83660
  -0.61609   -0.28828
  -0.88663   -0.75261
  -0.76903   -0.53811
  -0.57285   -0.62498
  -0.67592   -0.67168
  -0.25769   -0.66747
  -0.69615   -0.56371
  -0.88001   -0.02353
  -0.73032   -0.64209
  -0.94015   -0.21926
   0.47212   -1.15389
   1.03633   -0.21244
   0.95336   -0.21488
   1.02808   -0.14352
   0.84438   -0.19116
   1.22338   -0.14937
   0.98946   -0.19233
   1.04689   -0.23628
   1.18208   -0.71936
   1.11745   -0.11850
  -0.26078   -0.19924
  -0.38095   -0.29107
  -0.01084    0.33515
  -0.74733   -0.51264
   0.21681    0.69996
  -0.56804   -0.62433
   0.24612   -0.71256
   1.12973   -0.32602
   1.08344    0.06407
   1.00590   -0.15855
   1.06682   -0.32816
   1.16666   -0.23616
   1.16146   -0.22315
   1.05521   -0.42275
   1.19345   -0.13579
   1.11836   -0.27749
  -0.59571    0.51107
  -0.70860   -0.47697
  -0.43039   -0.67035
  -0.81752   -0.71668
  -0.86910   -0.41118
  -0.29323   -0.50006
  -0.50828   -0.43384
  -0.71031   -0.86041
  -0.53125   -0.49720
   1.09429   -0.19465
   1.09894   -0.43728
   1.00131   -0.29065
   1.04830   -0.15627
   1.03723   -0.04926
   1.13424   -0.33516
   1.07625   -0.56886
   1.15245   -0.04188
   1.16245   -0.08404
   1.13691   -0.13536
   1.03302   -0.03981
   0.75613   -0.19314
   0.56425   -1.18141
   1.19768   -0.68627
  -0.68711   -0.29347
  -0.62169   -0.53739
   0.91138   -0.62819
  -0.53870   -0.10377
   0.33629    0.11404
  -0.78781   -0.40593
   0.93956   -0.44265
   1.11685   -0.97526
  -1.19227   -0.85442
   0.24263   -0.51182
  -0.54972   -0.33550
   1.08798   -0.19788
   1.13853   -0.28682
   1.11839   -0.26069
   1.11494   -0.11813
   1.01564   -0.03970
   1.11472   -0.23099
   1.17526   -0.28371
   1.11465   -0.18235
   1.14067   -0.04103
   1.09305    0.10754
   1.11222   -0.29006
   1.11782   -0.19528
   1.21521    0.04579
   1.16141   -0.25622
   0.59051    0.33680
   1.19122   -0.28582
   1.11973   -0.17778
   1.03018    0.05190
   1.07867   -0.46538
   1.13386   -0.35692
   0.96941   -1.26286
  -0.27017    0.57004
   1.02495   -0.21507
  -0.53572   -0.28420
   1.00985   -0.28494
   1.00213   -0.12691
   1.08083   -0.22919
   0.99178   -0.17923
   0.95550   -0.26380
   1.04658   -0.24342
   0.98111   -1.01971
   1.02015   -0.55832
   1.09190   -0.28078
   1.13565   -0.28947
   1.06029   -0.35223
   1.11693   -0.36738
   1.12209   -0.26345
   1.11039   -0.23488
   0.92689   -0.70789
  -0.75361    0.05229
   0.76116   -0.39896
  -0.72106   -0.59140
   0.66817   -1.34247
  -0.37140   -0.49170
  -0.57993   -0.13659
   0.61306   -0.36193
   0.81968   -0.45829
   0.88112   -0.46832
  -0.80119   -0.83522
  -0.75048    0.45256
   0.90899   -0.20233
   0.94094   -0.36121
   0.99185   -0.99134
   1.10015   -0.38802
   1.01927   -0.36267
   1.06218   -0.44794
   1.08451   -0.17379
  -0.10311   -0.18880
  -0.63721   -0.65622
   0.76356   -0.95284
  -0.18998   -0.84884
  -0.18306   -0.46780
  -0.67366   -0.86747
  -0.63626   -0.36513
  -0.70396   -0.96380
  -0.89482    0.35402
   1.06099   -1.07035
   1.14753   -0.46776
   1.13358   -0.36607
   0.90131   -0.28244
   1.07020   -0.27672
   1.00284   -0.40088
   1.01793   -0.87721
  -0.68680   -0.68607
   0.33621    0.44094
   0.87807   -0.64423
   0.99638   -0.54182
   0.64205   -0.61635
   1.09765   -0.39663
  -0.49950   -0.77592
  -0.65571   -0.33776
   0.95132   -0.96829
   1.15521   -0.36099
   1.08648   -0.42742
   0.96231   -0.13086
   0.87047   -0.21436
   0.99085    0.04641
   0.85471   -0.26373
   1.02793    0.02989
   1.13609   -0.12098
   1.11594   -0.24336
   0.88172   -0.35814
   0.96957   -0.14742
   1.18038   -0.87750
   1.16868   -0.11672
  -0.65167   -0.05893
   0.80725    0.02922
   0.69170   -0.08071
   0.72253   -0.04779
   0.89682   -1.22619
   0.88995   -0.60891
   0.97813   -1.27419
  -0.78819    0.30541
   1.01745    0.35381
   0.65821   -0.22076
  -1.10052   -0.63514
  -0.82162    0.28454
  -0.74391    0.03473
  -0.67780    0.08833
   0.88062   -0.64265
   0.80372   -0.15742
  -0.25608   -0.15488
  -0.39983    0.16061
  -0.10644   -0.24979
  -1.02652   -0.58356
  -0.64401   -0.37175
  -0.87843    0.10943
   1.24155   -0.31928
  -0.32547   -0.27437
  -0.69418    0.26807
  -0.87263   -0.10679
  -0.76150    0.20792
  -1.02322    0.47591
  -0.20592    0.06219
  -0.59117    0.08881
  -0.91984   -0.13212
  -0.71756    0.01489
   0.37451   -0.16151
   0.90678    0.15739
   0.91435    0.21245
   1.05553    0.18366
   0.63240   -0.94781
   1.05368   -0.53366
   1.30715   -0.19465
  -0.24853    0.16398
  -0.51357   -0.26706
  -0.99634   -0.24518
  -0.82693   -0.39737
  -0.31674    0.34657
   1.06324   -0.15932
  -0.62447   -0.58234
  -0.75360   -0.45507
  -0.21518    0.68925
  -0.97064    0.68981
  -0.94575    0.13477
  -0.58857   -0.00086
  -0.78907   -0.20270
   0.33264   -0.40619
   0.86752   -0.42929
   0.52670   -0.06678
  -0.52589   -0.28711
   1.05670   -0.00342
   0.82919   -0.04164
  -0.64537   -0.02494
  -0.37786    0.15500
  -0.83105   -0.50076
   0.69455    0.05358
  -1.04951    0.28854
  -0.85323   -0.61100
  -0.93288   -0.77559
  -0.55690   -0.44669
  -0.36451   -0.19447
  -0.89197    0.10058
  -0.95782    0.42200
  -0.52034   -0.73789
   1.13082   -0.20498
  -0.81266   -0.46035
   0.95821    0.09877
   1.00200   -0.00340
   0.95963    0.06830
   0.99068    0.11139
   0.77115    0.10499
   0.75186   -0.30609
  -0.70058   -0.68530
  -0.76485    0.27617
   0.89211   -0.70679
   0.81926    0.17170
   1.02765   -0.00561
   0.91321   -0.08351
   0.58652    0.09515
   0.93828   -0.24241
   0.61311   -0.24937
   0.73619    0.18552
   0.79719    0.01082
  -0.49735   -0.68056
  -1.18496    0.45710
  -0.81494    0.31159
  -0.48087   -0.91296
  -0.85077    0.31053
  -0.31349   -0.01276
  -0.22719   -0.53496
   1.06762   -0.16576
  -0.66864    0.02002
  -0.63159   -0.24820
  -1.13911   -0.28026
   1.05757   -0.02019
   1.07968    0.07028
   0.96154   -0.39243
   1.18017    0.00512
   0.95207    0.22341
   0.45204   -0.46572
   0.96063   -0.17317
   0.91118   -0.24658
   0.85404   -0.47821
   0.91788    0.00652
   0.43012    0.58684
  -1.24935    0.44409
  -0.98172   -0.85932
   0.78580   -0.63821
   0.19054   -0.15342
  -0.73579    0.42811
  -1.05731    0.51609
  -0.74173    0.56101
  -1.02171    0.60187
  -1.22981    0.44496
  -1.04856    0.04258
  -1.02089    0.26692
  -0.99671    0.57322
  -0.68466    0.25480
   0.42245   -0.11752
  -0.50522    0.39072
  -0.85501    0.30216
   0.31758    0.09458
   0.48088    0.75006
   0.77003    0.50124
   0.63544    0.68728
   0.79806    0.37003
  -0.67667    0.81907
  -0.68585    0.24656
  -0.62242    0.62027
  -0.96887    0.35548
  -0.30337    0.30895
  -0.99613    0.63508
   0.65239    0.58958
   0.66502    0.57222
   0.34688    0.76217
  -0.75481    0.22461
  -0.39559   -0.59794
  -0.99015    0.74273
  -0.90517    0.83618
   1.05982    0.01794
   0.69795    0.22564
   1.11685    0.52367
  -0.42396    0.47380
   0.98074    0.11548
   0.04718    0.54184
  -0.88262    0.13898
   0.59346    0.36014
   0.97175   -0.21108
   0.92097    0.82570
   0.79652    0.77912
   0.99015    0.62832
   0.18977    0.48517
   0.62102    0.55995
   0.62759    0.48043
   0.34027    0.37471
   1.02192    0.52265
  -0.21371    0.70916
  -0.45736    0.44676
   0.72666    0.01491
   0.56127    0.25501
  -0.25288    0.69930
  -0.42881    0.70968
   0.88537    0.32578
  -0.97119   -0.06141
  -0.52910    0.78171
  -0.66198    0.44198
  -0.60800    0.51597
  -0.73636    0.20684
  -0.70760    0.32239
  -0.94018   -0.38834
  -0.76833   -0.64120
  -1.40469   -0.07643
  -0.95241    0.53854
  -0.72858    0.81113
   0.60413    0.64920
  -0.01710   -0.07419
  -1.34366   -0.05176
  -0.76357    0.87186
  -0.98881    0.64428
  -1.05234    0.61573
  -0.68758    0.59917
  -0.39377    0.33512
  -0.66265    0.58371
  -0.67521    0.71892
  -0.76196    0.44177
  -0.57129    0.83935
  -0.55471   -0.91109
  -1.19839   -0.05923
  -0.72865   -0.09001
  -0.68740    0.52164
  -0.82741    0.73525
  -0.45475   -0.22003
  -0.89031    0.54762
  -0.97376    0.82325
  -0.80030    0.31169
  -0.48583    0.78884
  -0.17116    0.62625
  -1.14873    0.59764
  -1.12490   -0.51370
  -1.05648    0.60189
  -0.23500    0.49747
  -0.92824    0.65084
  -0.77849    0.13845
  -0.35797    0.78336
  -0.57474    0.19906
  -1.27064    0.00941
  -0.72687    0.39580
  -0.60812    0.36670
   0.23488    0.40653
  -0.22426    0.73484
  -0.46036   -0.09556
  -0.84421    0.27722
  -0.73786    0.57473
  -1.25360   -0.11830
   1.04744    0.83607
   0.67145    0.12979
  -0.90869   -0.38447
  -0.68590    0.07258
  -0.81030    0.64541
  -1.11515   -0.03650
   0.79038    0.30228
  -0.86934    0.38105
  -0.14932   -0.59839
   0.75720   -0.00883
   0.68836    0.07354
   0.80736    0.31730
   0.82654    0.21956
   0.81692    0.53307
  -0.72094    0.73242
  -0.90094    0.56504
  -0.72196    0.23352
  -0.82545    0.74889
  -0.62968    0.13378
  -1.15764    0.65885
  -0.73424    0.68445
  -0.89621    0.73520
  -0.97238    0.31379
  -1.24368    0.02855
  -0.75352    0.38623
  -1.01976    0.40357
  -0.94201    0.67491
   0.10137    0.22943
   1.04290    0.28168
   1.05423    0.37933
   0.62574   -0.41570
  -0.73273   -0.56083
  -1.14369   -0.60939
  -1.08845   -0.07836
  -0.81108   -0.43285
   0.89218    0.04635
   1.06337    0.10773
   0.90438    0.25200
   0.89427   -0.01555
  -1.23320    0.30619
  -0.83262   -0.22413
  -0.57405   -0.10425
   0.94741    0.03573
   0.98251    0.24008
   0.85792    0.21571
   0.69342    0.11570
   0.99472   -0.13708
   0.97926   -0.52497
   0.82363   -0.04445
   0.78622   -0.23488
   0.78257   -0.03288
  -0.44371    0.17543
  -0.43054    0.47358
   0.31855    0.24810
  -0.74259   -0.26576
   1.24772   -0.35380
   0.46789   -0.36000
   1.09157    0.05335
   0.88818    0.15182
  -1.11105    0.42405
  -0.89891    0.55158
  -0.65094    0.65685
  -1.14350    0.62393
  -0.88333    0.35229
   0.39310   -0.16357
  -0.66829    0.40925
   1.11473   -0.26504
  -0.94257    0.17001
  -1.06681    0.60250
   0.79592   -0.84512
   0.83576    0.28679
   0.70121    0.41275
  -0.99751    0.63430
   1.21972   -0.38945
   0.75922   -0.52189
   0.51493   -0.54090
   0.64672   -0.19459
   0.76962    0.26480
   0.28578   -0.23196
   0.83567   -0.07538
   0.79154   -0.36068
   0.96947    0.30905
  -1.13256   -0.53924
   0.50648   -0.60845
   0.81387   -0.56750
  -1.03064    0.13320
  -1.23326    0.52187
  -0.19498    0.17188
  -0.66637    0.57481
  -0.56382    0.27559
  -0.66642   -0.33941
   0.20691    0.59611
  -0.75576   -0.47501
  -1.01225    0.54145
  -0.49614   -0.25226
  -0.01033    0.66016
   0.48612   -0.37624
   0.69517   -0.18681
  -0.98221    0.73435
  -0.92253   -0.37225
  -0.25447   -0.23596
   0.48394   -0.26586
  -0.73942   -0.15697
  -1.02993    0.43350
  -0.74342   -0.29796
  -0.74165   -0.01965
  -0.89438    0.30742
  -0.93331   -0.23384
  -0.16808   -0.10999
  -0.74671    0.13481
  -1.29862    0.47169
  -0.69056   -0.23406
   0.10835    0.04897
  -0.96716    0.36814
  -0.38673    0.25804
   0.93304    0.32739
  -0.77616    0.34710
   0.20166   -0.67796
  -0.07813   -0.42112
  -1.09256   -0.19188
   0.43386   -0.52340
  -1.12062   -0.01219
  -0.83552    0.17485
  -0.57340   -0.00290
   1.19701   -0.38536
   0.01691   -0.06035
   0.70383    0.11551
  -0.71791    0.52196
  -0.58599    0.11745
   0.59638   -0.64840
  -0.81205   -0.56312
  -0.89430    0.56246
   0.71439    0.39931
   0.12161    0.68845
  -1.00961    0.53069
  -0.62138    0.70728
  -0.75553   -0.47669
   0.74814   -0.41234
   1.52871   -0.69152
  -0.25976   -0.06545
  -0.80234    0.24643
  -0.61246    0.07960
   0.70455   -0.54450
   0.57982   -0.42734
   0.46701   -0.24003
   0.81237   -0.57688
  -0.62200   -0.14270
  -0.01735    0.52929
  -0.02325    0.70599
  -0.74375    0.25919
  -0.69427    0.28869
  -0.52351   -0.48519
   0.04144    0.02674
  -0.55899   -0.30378
  -0.63821   -0.20746
   0.35145    0.06440
   0.39904    0.20269
  -0.62328    0.11980
  -0.28551    0.02598
  -0.61151   -0.28496
  -0.40155    0.04999
   0.09129   -0.02182
   0.53271    0.52156
  -0.46017   -0.17191
  -0.78328    0.22508
  -0.70394    0.37520
  -0.68391    0.45965
  -0.47324    0.34954
  -0.68121    0.60892
  -0.62593    0.02144
  -0.75185   -0.78585
   1.26938   -0.45739
   0.35081   -0.47580
   0.08741   -0.72904
   0.61199   -0.88020
  -0.26847   -0.50286
   0.28116   -0.19907
   0.97360   -0.34286
   0.24470   -0.25347
   0.11311   -0.44891
   0.81051   -0.19824
   0.25696   -0.05021
  -0.44898   -0.34955
   0.96985   -0.66618
  -0.08693   -0.77405
  -0.30071   -0.92634
   0.21305   -0.93590
   0.73500   -0.43365
  -0.12487    0.56058
   0.17711    0.21329
   0.11752    0.29565
  -0.53891    0.17230
  -0.16310    0.10394
  -0.21014    0.05258
  -0.10651    0.13679
  -0.52450   -0.32114
   0.19971    0.24192
   0.71680   -0.73109
  -0.03154   -0.79330
   0.26766   -0.96762
   0.14307   -0.46765
   0.12570   -0.42537
   0.50933   -0.10908
  -0.15153   -0.29995
   0.11929    0.01659
   0.48303   -0.29603
   0.13967   -0.09370
   0.33815    0.70389
   0.01146    1.13648
   0.26590    1.17712
   0.18140    0.68907
   0.21420    0.82742
   0.12114    0.75769
   0.36962    0.88660
  -0.58488    0.49507
  -0.43876    0.53130
  -0.02707   -0.09008
  -0.22594    0.21899
   0.08744    0.84276
   0.40955    0.64160
   0.05852    0.79970
   0.60192    0.86027
   0.13897    0.57790
  -0.55860   -0.51915
  -0.80419   -0.49206
   0.08783    0.49864
  -0.08304    0.43057
  -0.39919    0.15737
  -0.05028    1.01099
   0.09115   -0.76839
  -0.50325    0.01856
  -0.47378   -0.78537
  -0.45596    0.43096
  -0.53743   -0.05208
  -0.24870    0.83220
  -0.21586    0.23525
   0.09712    0.44046
   0.39259   -0.56861
  -0.32312   -0.39107
  -0.39561    0.61537
   0.23610    0.66681
   0.14763    0.84296
   0.21452    0.79516
   0.37661    1.05305
   0.21527    0.84452
   0.48152    0.53971
   0.13928    0.94114
  -0.16143    0.61594
   0.25443    0.75963
   0.43927    0.68932
   0.18386    0.72333
   0.12391    0.82473
   0.28035    0.57508
   0.45900    0.63509
   0.27444    0.80345
   0.13313    0.45916
  -0.77043   -0.37966
   0.10294    0.77459
   0.23657    0.81278
   0.48840    0.77990
   0.16823   -0.57148
  -0.16167    0.50273
  -0.50459    0.27291
  -0.30625    0.32752
  -0.50541    0.54443
   0.70709   -0.46765
  -0.09669    0.10401
  -0.55830    0.23614
  -0.61107    0.31111
   0.45143    0.99252
   0.40165    1.01772
   0.36179    0.73962
   0.33346    0.86949
   0.12980    0.83357
   0.14424    0.83344
   0.39039    0.84346
  -0.26738    0.54286
  -0.17511    0.51209
   0.13972    1.20047
  -0.50805   -0.07709
  -0.73544    0.03628
  -0.08667    1.14210
   0.26224    0.42145
   0.42892    0.95657
   0.08065    1.02370
   0.32773    0.98106
  -0.43127    0.46812
   0.43451    0.69432
  -0.21971    0.50058
   0.37783    0.61817
   0.15899    0.77540
   0.28583    0.69178
   0.31977    0.96134
   0.12323    0.82342
   0.04990    0.39231
   0.05195    0.72049
   0.38155    1.09989
   0.16027    0.76062
  -0.47412    0.10264
   0.18155    0.96626
   0.09558    0.78914
   0.26258    0.79489
   0.08766    0.81066
   0.10160    0.70529
  -0.03664    0.22186
   0.17317    0.38165
  -0.74191    0.38826
  -0.49756    0.46782
  -0.06854   -0.13560
  -0.31755   -0.20764
  -0.53794    0.14614
  -0.37935    0.30378
  -0.02576   -0.64008
   0.18145    0.99841
   0.17324    0.94370
   0.27154    0.71727
  -0.00952    0.93507
   0.05782    0.84183
   0.18745    0.55112
   0.11718    0.88301
   0.41718    0.90778
   0.24915    0.68270
   0.36323    0.82212
   0.24440    0.69412
   0.37352    0.78566
   0.51177    0.83124
  -0.39934    0.44132
   0.19944    0.84073
  -0.18192    0.86899
   0.18584    1.27945
   0.27326    0.85359
   0.20027    0.62216
  -0.10918    0.82882
   0.34663    0.85199
  -0.23359   -0.54971
   0.13891    0.91671
   0.27159    0.59029
   0.24245    0.77379
  -0.09244   -0.83725
   0.22836    0.16738
   0.11601   -0.05724
   0.29572    0.13282
   0.05698    0.44622
   0.30928    0.89386
   0.30790    0.92521
  -0.32165    0.42015
  -0.48397    0.19461
  -0.13554    0.40738
  -1.00470    0.25418
  -0.13821    0.63885
  -0.12741   -0.18443
  -0.01008   -0.35440
  -0.36387    0.54789
   0.02036    0.09888
  -0.57503    0.25033
  -0.33044   -0.63631
  -0.58943    0.42734
  -0.85388    0.43442
  -0.01343   -0.55326
  -0.09953    0.36907
   0.19763    1.02218
   0.52983    0.74937
   0.22448    0.22318
  -0.10696    0.71629
   0.38958    0.80937
   0.27119    0.78401
   0.14452    0.95427
  -0.60537    0.35073
   0.09324    0.96494
   0.07814    0.86770
   0.18059    0.66835
   0.41348    0.89805
  -0.25480    0.45306
  -0.37271   -0.16203
   0.25218   -0.36515
   0.14261   -0.68051
  -0.05424    0.05795
  -0.27217   -0.27503
  -0.35469   -0.00227
  -0.33352   -0.08387
   0.05433   -0.15681
   0.28860   -0.45406
  -0.12203   -0.59082
   0.26279   -0.73318
  -0.53308    0.92562
   0.34240    0.83626
   0.08244    0.68796
   0.15029    0.89957
  -0.30744    0.51734
   0.50357    0.74705
   0.29314    0.71819
  -0.22868    0.45565
  -0.67228   -0.21812
  -0.55077   -0.24585
  -0.37906   -0.17699
  -0.02961    0.49706
  -0.07127    0.63797
  -0.47958    0.49636
   0.22838    0.17631
  -0.24288    0.16830
  -0.57164    0.31790
  -0.95954    0.44480
   0.04205   -0.52140
