1	2
3	2
6	2
7	2
8	2
10	2
12	2
15	2
16	2
17	2
21	2
22	2
23	2
25	2
61	2
65	2
66	2
68	2
69	2
70	2
376	2
399	2
447	2
454	2
455	2
456	2
458	2
459	2
460	2
461	2
462	2
464	2
466	2
467	2
468	2
469	2
470	2
471	2
472	2
475	2
476	2
477	2
478	2
479	2
480	2
481	2
482	2
483	2
486	2
487	2
488	2
489	2
490	2
493	2
494	2
495	2
496	2
497	2
498	2
499	2
500	2
503	2
504	2
505	2
506	2
507	2
508	2
510	2
511	2
512	2
513	2
514	2
515	2
516	2
518	2
519	2
520	2
521	2
522	2
523	2
524	2
525	2
526	2
528	2
529	2
531	2
533	2
534	2
536	2
537	2
538	2
539	2
540	2
541	2
543	2
544	2
545	2
546	2
547	2
550	2
551	2
552	2
553	2
554	2
556	2
557	2
558	2
559	2
560	2
561	2
562	2
563	2
566	2
572	2
573	2
574	2
575	2
576	2
577	2
579	2
580	2
582	2
583	2
584	2
585	2
586	2
588	2
589	2
590	2
591	2
592	2
597	2
598	2
602	2
603	2
605	2
606	2
607	2
608	2
609	2
612	2
613	2
614	2
615	2
616	2
617	2
619	2
621	2
630	2
635	2
636	2
637	2
639	2
640	2
641	2
642	2
643	2
644	2
645	2
646	2
647	2
649	2
650	2
651	2
652	2
653	2
654	2
656	2
657	2
658	2
659	2
660	2
661	2
662	2
663	2
664	2
665	2
666	2
667	2
668	2
669	2
670	2
673	2
674	2
675	2
676	2
679	2
680	2
681	2
682	2
683	2
684	2
687	2
688	2
689	2
690	2
692	2
693	2
694	2
695	2
696	2
698	2
699	2
700	2
701	2
702	2
703	2
704	2
705	2
708	2
709	2
710	2
711	2
713	2
714	2
718	2
719	2
722	2
723	2
724	2
725	2
728	2
730	2
731	2
732	2
733	2
734	2
735	2
736	2
737	2
738	2
739	2
740	2
741	2
743	2
744	2
746	2
749	2
750	2
751	2
752	2
753	2
757	2
758	2
762	2
764	2
765	2
766	2
770	2
771	2
774	2
775	2
777	2
778	2
779	2
780	2
781	2
783	2
784	2
785	2
786	2
787	2
788	2
789	2
790	2
792	2
794	2
795	2
796	2
797	2
800	2
801	2
802	2
804	2
805	2
806	2
807	2
808	2
809	2
810	2
811	2
813	2
815	2
820	2
821	2
822	2
823	2
824	2
825	2
828	2
847	2
852	2
855	2
856	2
858	2
859	2
860	2
861	2
863	2
864	2
865	2
866	2
867	2
868	2
869	2
870	2
871	2
872	2
873	2
874	2
875	2
1488	2
1489	2
1491	2
1492	2
1503	2
1505	2
1506	2
1507	2
1508	2
1512	2
1513	2
1514	2
1516	2
1518	2
1523	2
1528	2
1534	2
1535	2
1536	2
1538	2
1541	2
1661	2
1662	2
1663	2
1664	2
1665	2
1666	2
1667	2
1668	2
1669	2
1670	2
1671	2
1672	2
1673	2
1674	2
1675	2
1676	2
1677	2
1678	2
1679	2
1680	2
1681	2
1683	2
1684	2
1686	2
1687	2
1688	2
1689	2
1690	2
1691	2
1693	2
1702	2
1707	2
1711	2
1712	2
1718	2
1719	2
1720	2
1725	2
1726	2
1729	2
1736	2
1738	2
1739	2
1743	2
1745	2
1746	2
1748	2
1749	2
1772	2
1779	2
1783	2
1785	2
1786	2
1788	2
1791	2
1794	2
1798	2
1801	2
1803	2
1804	2
1805	2
1806	2
1809	2
1811	2
1818	2
1820	2
1827	2
1829	2
1831	2
1833	2
1834	2
1839	2
1841	2
1843	2
1844	2
1846	2
1848	2
1849	2
1850	2
1851	2
1853	2
1855	2
1856	2
1864	2
1868	2
1870	2
1872	2
1877	2
1880	2
1885	2
1886	2
1890	2
1891	2
1892	2
1893	2
1895	2
1896	2
1901	2
1905	2
1909	2
1911	2
1915	2
1918	2
1919	2
1922	2
1934	2
1935	2
1939	2
1954	2
1955	2
1958	2
1959	2
1960	2
1966	2
1967	2
1972	2
1974	2
1976	2
1984	2
1985	2
2005	2
2010	2
2013	2
2014	2
2015	2
2016	2
2021	2
2022	2
2024	2
2027	2
2028	2
2029	2
2031	2
2032	2
2033	2
2060	2
2307	2
2309	2
2311	2
2316	2
2317	2
2320	2
2335	2
2348	2
2350	2
2374	2
2377	2
2378	2
2379	2
2380	2
2382	2
2497	2
2498	2
2500	2
2501	2
2502	2
2503	2
2504	2
2505	2
2507	2
2508	2
2517	2
2527	2
2529	2
2530	2
2531	2
2533	2
2535	2
2537	2
2538	2
2539	2
2541	2
2544	2
2549	2
2551	2
2553	2
2554	2
2562	2
2563	2
2564	2
2571	2
2573	2
2575	2
2576	2
2577	2
2580	2
2581	2
2582	2
2583	2
2592	2
2603	2
2614	2
2627	2
2653	2
2661	2
2662	2
2664	2
2665	2
2668	2
2671	2
2673	2
2674	2
2676	2
2678	2
2680	2
2681	2
2683	2
2685	2
2686	2
2687	2
2688	2
2690	2
2691	2
2692	2
2721	2
3683	2
3711	2
3881	2
4053	2
4056	2
4057	2
4058	2
4059	2
4060	2
4062	2
4063	2
4064	2
4065	2
4066	2
4068	2
4069	2
4070	2
4072	2
4073	2
4074	2
4075	2
4076	2
4077	2
4078	2
4079	2
4080	2
4081	2
4082	2
4083	2
4084	2
4085	2
4087	2
4088	2
4089	2
4090	2
4091	2
4092	2
4093	2
4094	2
4095	2
4096	2
4097	2
4098	2
4100	2
4101	2
4102	2
4104	2
4107	2
4108	2
4109	2
4110	2
4112	2
4113	2
4114	2
4115	2
4117	2
4118	2
4119	2
4120	2
4121	2
4122	2
4123	2
4124	2
4125	2
4127	2
4130	2
4131	2
4132	2
4133	2
4134	2
4135	2
4136	2
4137	2
4138	2
4139	2
4140	2
4141	2
4143	2
4145	2
4146	2
4147	2
4148	2
4149	2
4150	2
4151	2
4153	2
4154	2
4155	2
4156	2
4157	2
4158	2
4159	2
4160	2
4161	2
4162	2
4163	2
4164	2
4168	2
4170	2
4171	2
4173	2
4174	2
4175	2
4176	2
4178	2
4179	2
4180	2
4181	2
4183	2
4185	2
4186	2
4188	2
4189	2
4191	2
4192	2
4193	2
4194	2
4195	2
4196	2
4197	2
4198	2
4199	2
4200	2
4201	2
4202	2
4206	2
4208	2
4209	2
4210	2
4211	2
4212	2
4213	2
4214	2
4215	2
4217	2
4218	2
4219	2
4220	2
4221	2
4222	2
4223	2
4225	2
4226	2
4227	2
4228	2
4229	2
4231	2
4232	2
4233	2
4234	2
4235	2
4236	2
4238	2
4239	2
4240	2
4241	2
4242	2
4243	2
4244	2
4245	2
4246	2
4247	2
4250	2
4251	2
4253	2
4254	2
4255	2
4256	2
4257	2
4259	2
4260	2
4261	2
4262	2
4263	2
4264	2
4265	2
4267	2
4268	2
4270	2
4271	2
4272	2
4273	2
4274	2
4275	2
4276	2
4277	2
4278	2
4279	2
4280	2
4282	2
4283	2
4286	2
4289	2
4290	2
4291	2
4299	2
5014	2
5016	2
5017	2
5019	2
5022	2
5023	2
5025	2
5026	2
5028	2
5029	2
5030	2
5031	2
5034	2
5035	2
5036	2
5038	2
5039	2
5040	2
5041	2
5043	2
5044	2
5045	2
5046	2
5047	2
5048	2
5049	2
5050	2
5051	2
5052	2
5053	2
5055	2
5056	2
5057	2
5058	2
5059	2
5060	2
5061	2
5062	2
5063	2
5064	2
5065	2
5066	2
5067	2
5068	2
5069	2
5070	2
5071	2
5072	2
5075	2
5076	2
5077	2
5078	2
5079	2
5084	2
5085	2
5086	2
5087	2
5088	2
5090	2
5091	2
5092	2
5093	2
5094	2
5095	2
5096	2
5097	2
5098	2
5100	2
5102	2
5103	2
5104	2
5105	2
5106	2
5107	2
5108	2
5109	2
5113	2
5114	2
5115	2
5116	2
5117	2
5118	2
5119	2
5120	2
5121	2
5123	2
5124	2
5125	2
5126	2
5127	2
5128	2
5129	2
5130	2
5131	2
5132	2
5133	2
5134	2
5135	2
5136	2
5137	2
5138	2
5140	2
5141	2
5142	2
5143	2
5144	2
5145	2
5147	2
5149	2
5150	2
5151	2
5153	2
5154	2
5155	2
5156	2
5157	2
5159	2
5160	2
5161	2
5162	2
5164	2
5165	2
5166	2
5167	2
5168	2
5171	2
5172	2
5173	2
5175	2
5176	2
5177	2
5180	2
5181	2
5183	2
5185	2
5186	2
5188	2
5214	2
5215	2
5223	2
5225	2
5226	2
5227	2
5229	2
5230	2
5232	2
5233	2
5234	2
5237	2
5239	2
5240	2
5241	2
5242	2
5243	2
5244	2
5245	2
5246	2
5247	2
5249	2
5250	2
5251	2
5252	2
5253	2
5256	2
5257	2
5258	2
5259	2
5260	2
5261	2
5262	2
5263	2
5264	2
5265	2
5266	2
5267	2
5268	2
5270	2
5271	2
5272	2
5273	2
5275	2
5276	2
5278	2
5279	2
5280	2
5282	2
5283	2
5284	2
5286	2
5287	2
5288	2
5289	2
5290	2
5291	2
5293	2
5294	2
5295	2
5296	2
5297	2
5298	2
5299	2
5300	2
5302	2
5303	2
5304	2
5305	2
5310	2
5312	2
5313	2
5315	2
5325	2
5326	2
5327	2
5329	2
5331	2
5332	2
5333	2
5334	2
5335	2
5336	2
5339	2
5343	2
5344	2
5345	2
5346	2
5347	2
5348	2
5349	2
5350	2
5351	2
5352	2
5353	2
5359	2
5360	2
5361	2
5362	2
5363	2
5364	2
5365	2
5366	2
5367	2
5369	2
5371	2
5372	2
5373	2
5374	2
5375	2
5376	2
5377	2
5379	2
5381	2
5382	2
5383	2
5384	2
5385	2
5386	2
5388	2
5390	2
5391	2
5392	2
5393	2
5394	2
5395	2
5396	2
5397	2
5398	2
5399	2
5400	2
5401	2
5403	2
5404	2
5405	2
5406	2
5407	2
5408	2
5409	2
5410	2
5411	2
5412	2
5413	2
5414	2
5415	2
5416	2
5417	2
5418	2
5420	2
5421	2
5422	2
5424	2
5425	2
5426	2
5427	2
5428	2
5429	2
5430	2
5431	2
5434	2
5435	2
5436	2
5437	2
5438	2
5440	2
5441	2
5443	2
5444	2
5445	2
5446	2
5447	2
5448	2
5449	2
5450	2
5451	2
5452	2
5453	2
5454	2
5455	2
5456	2
5457	2
5458	2
5459	2
5460	2
5461	2
5462	2
5463	2
5464	2
5466	2
5467	2
5468	2
5470	2
5471	2
5472	2
5473	2
5474	2
5475	2
5477	2
5478	2
5479	2
5480	2
5482	2
5483	2
5485	2
5486	2
5488	2
5490	2
5491	2
5492	2
5493	2
5494	2
5495	2
5496	2
5497	2
5498	2
5499	2
5500	2
5501	2
5502	2
5504	2
5505	2
5506	2
5508	2
5509	2
5512	2
5513	2
5514	2
5515	2
5517	2
5518	2
5519	2
5522	2
5524	2
5525	2
5527	2
5529	2
5533	2
5535	2
5537	2
5538	2
5539	2
5540	2
5541	2
5542	2
5546	2
5547	2
5548	2
5549	2
5550	2
5551	2
5555	2
5556	2
5561	2
5562	2
5563	2
5564	2
5565	2
5566	2
5568	2
5569	2
5570	2
5572	2
5573	2
5574	2
5577	2
5578	2
5581	2
5586	2
5588	2
5589	2
5591	2
5594	2
5595	2
5605	2
5606	2
5607	2
5609	2
5610	2
5613	2
5614	2
5616	2
5619	2
5620	2
5622	2
5623	2
5624	2
5916	2
5919	2
5922	2
5923	2
5925	2
5927	2
5929	2
5932	2
5933	2
5936	2
5938	2
5940	2
5941	2
5942	2
5945	2
5946	2
5949	2
5952	2
5953	2
5954	2
5955	2
5956	2
5957	2
5959	2
5960	2
5962	2
5965	2
5967	2
5969	2
5970	2
5972	2
5973	2
5974	2
5975	2
5976	2
5979	2
5980	2
5981	2
5982	2
5984	2
5985	2
5986	2
5987	2
5988	2
5989	2
5991	2
5992	2
5993	2
5994	2
5996	2
5997	2
5998	2
5999	2
6000	2
6001	2
6002	2
6003	2
6005	2
6010	2
6011	2
6015	2
6016	2
6020	2
6021	2
6022	2
6025	2
6026	2
6027	2
6028	2
6029	2
6031	2
6033	2
6035	2
6042	2
6047	2
6049	2
6051	2
6052	2
6053	2
6055	2
6057	2
6058	2
6060	2
