0.94304	0.2256
1.221	0.76293
0.97963	0.078312
1.3302	0.51007
1.2865	0.37682
1.1291	0.25551
1.2407	0.30501
1.1819	0.21456
1.3014	0.41916
1.2207	0.31526
1.4778	0.62258
1.2103	0.31617
0.94295	0.39603
0.7299	0.35667
0.91302	0.20941
0.83972	0.12869
0.97384	0.20106
1.2115	0.46703
1.5796	0.92148
1.352	0.81034
1.2181	0.30704
1.0672	0.16133
1.1469	0.2196
1.26	0.40452
1.2223	0.27084
1.1988	0.32162
1.3837	0.44
1.4599	0.60359
0.87936	0.69352
1.3766	0.74231
1.3766	0.80121
1.0617	0.45993
1.0297	0.6097
0.6102	0.35808
1.2264	1.0072
0.80505	0.49815
0.99232	0.3921
1.364	1.0223
1.1728	0.77356
1.3513	0.75605
1.2039	0.93611
1.0974	0.70468
0.72738	0.34065
1.1128	0.66985
1.0738	0.81776
1.2623	0.74304
1.509	0.93699
1.2059	0.49797
1.2817	0.90617
0.96289	0.58157
0.52419	0.4629
1.2639	0.91374
1.3783	0.95773
1.5458	1.0306
1.1583	0.80153
1.2025	0.90685
0.1961	0.78901
1.1406	0.79978
0.58451	0.48623
0.55381	0.57248
0.85648	0.18423
0.71655	0.53245
0.86397	0.44611
0.26108	0.74267
1.2467	0.29039
0.93632	0.2086
0.77478	0.52059
0.86005	0.26692
0.80754	0.16277
0.91497	0.15671
0.84196	0.85146
0.98587	0.70048
1.0453	0.74464
0.2181	1.1089
0.4653	1.09
0.19092	0.95733
0.30969	1.1109
0.77104	1.0607
0.68182	1.153
0.48584	1.0184
0.83402	0.79842
0.37012	0.95787
0.14116	0.9671
0.039622	0.96168
0.34543	1.0789
0.14156	1.0968
0.26395	1.1074
0.3337	1.0133
0.54811	0.9936
0.062102	1.0132
0.48787	1.0367
0.51854	0.93053
0.40786	1.0383
0.50242	0.8498
0.44657	0.91637
0.27579	0.99388
0.072245	0.96922
0.44132	1.125
0.15493	1.0967
0.30064	0.99216
0.42519	0.9536
0.27669	1.2433
0.31454	0.87368
0.46058	1.1108
0.47054	0.89647
0.18271	0.83116
0.42201	0.97357
0.50629	1.0777
0.54584	1.1338
0.43612	0.76904
0.50619	0.79742
0.3301	0.99882
0.1798	0.88997
0.47048	1.0392
0.51103	0.91629
0.38681	1.0374
0.58777	1.0755
0.40884	0.81913
0.51885	0.87667
0.42184	1.0963
0.43587	1.0356
0.51883	0.93637
0.4718	1.0154
0.51369	0.79409
0.68718	0.92389
0.37638	1.0147
0.21571	0.91474
0.40262	1.0789
0.10789	0.94978
0.27293	1.162
0.42483	1.1806
0.68943	1.2235
0.3914	0.9608
0.38022	1.0544
0.22741	0.93774
0.15936	1.0223
1.2774	0.79628
0.44216	0.91403
0.52034	1.0273
0.59766	1.0813
0.59344	1.0099
0.50417	1.0513
0.42477	0.89325
0.54012	0.93856
0.57414	1.1313
0.33698	1.0447
0.48274	1.1108
0.28916	1.0544
0.24	0.94417
0.52613	1.1464
0.29002	0.98742
0.19431	0.79324
0.8518	0.65702
0.11395	0.88903
0.43958	1.1451
0.14469	1.1115
0.2577	0.87111
0.23568	0.80555
0.43209	0.92073
0.4221	1.1242
0.469	0.84167
0.67375	1.0336
0.40321	0.80403
0.41274	0.86234
0.27305	0.89269
0.24946	1.0123
0.2464	1.1229
0.1343	1.099
0.13693	1.0894
0.45154	1.4154
0.56756	1.3508
0.62087	1.3267
0.55438	1.5217
0.44716	1.3627
0.67398	1.6101
0.2172	1.1762
0.33975	1.0571
0.1959	1.1582
0.34614	1.1265
0.21094	1.1241
0.4071	1.2217
0.26242	1.2108
0.063465	0.93948
0.19074	0.86126
0.22291	1.1703
0.12738	1.046
0.19469	0.99756
0.081853	0.88586
0.15653	1.0125
0.36464	1.0723
0.14285	0.84968
0.18855	0.89651
0.20308	1.0885
0.26975	1.1579
0.38126	0.94122
0.49206	0.92332
0.95057	1.122
0.16041	1.0179
0.43187	1.1278
0.53077	0.98152
0.43984	1.167
0.31699	1.0478
0.56106	1.0564
0.65704	0.98798
0.45418	1.0002
0.6096	0.91919
0.27243	0.95188
0.53088	0.96288
0.63528	1.2099
0.47956	0.87071
0.54194	1.0502
0.081427	0.90215
0.67084	1.1116
0.46318	1.0082
0.50059	0.87971
0.33811	1.0383
0.61505	1.1324
0.46761	1.0067
0.49741	0.99073
0.25802	0.79156
1.1746	0.9039
0.33464	1.0218
0.42573	1.1947
0.4665	1.0472
0.17308	0.97594
0.57343	1.0861
0.51945	1.0021
0.6269	1.1254
0.36371	0.90647
0.46864	0.99385
1.1301	0.42493
0.41472	1.0355
0.33859	0.96912
0.34862	0.96011
0.36075	0.88077
0.72395	1.2921
0.57924	1.1329
0.54257	0.88512
0.29199	0.94234
0.34209	0.82159
0.41106	0.9592
0.46287	0.89215
0.39133	1.0401
1.3969	0.80647
1.1919	0.71423
1.4779	1.1041
1.4714	0.85005
1.3759	0.82106
1.3928	1.0209
1.7597	1.443
1.9038	1.5336
1.8479	1.7496
1.797	1.749
1.971	1.8982
2.012	1.8674
1.6814	1.5374
1.5919	1.4471
1.935	1.7321
1.8857	1.7581
2.0505	1.8516
1.6936	1.5204
1.8555	1.708
1.7437	1.5476
1.6966	1.6003
1.7718	1.6746
1.7856	1.6102
1.7588	1.6535
1.8135	1.6916
1.803	1.5293
1.9144	1.8014
1.7266	1.6347
1.9016	1.7514
1.7615	1.6752
1.9761	1.8059
1.7471	1.6944
1.9229	1.7852
1.693	1.5972
1.8831	1.7554
1.772	1.6133
1.7861	1.6672
1.7241	1.6177
1.984	1.8904
1.8892	1.7131
1.9052	1.6987
1.8668	1.7434
1.9365	1.81
1.9068	1.6792
1.415	0.84463
1.7007	1.2829
1.6892	1.2131
1.6109	1.1422
1.4336	0.99003
1.5789	1.0273
0.4446	1.3614
0.48935	1.4256
0.39696	1.3512
0.72656	1.69
0.801	1.5257
1.3617	2.135
1.3946	2.2174
0.80877	1.6369
1.1302	1.7959
1.308	1.8154
1.2498	1.9554
1.1495	1.954
1.2302	2.0897
1.3455	2.1208
1.1118	1.7619
1.5752	1.697
1.2519	2.0276
1.2375	1.8554
0.97479	1.769
1.125	1.9331
1.0792	1.8828
1.8946	2.1073
1.2951	2.0924
0.72199	1.5236
1.1514	1.8163
1.1341	1.9409
1.126	1.7981
1.2314	1.9906
1.3118	2.1377
1.1145	1.9407
1.2317	2.0407
1.2601	1.8101
2.1971	2.2774
1.1076	1.9348
1.3912	1.5299
0.75902	1.1077
1.136	1.4267
0.27091	1.1886
1.0699	1.3944
0.3449	1.2317
0.40506	1.3358
0.37749	1.318
0.69038	1.0097
1.3379	1.6104
1.4862	1.6687
0.9937	1.2184
0.48089	1.0879
0.04949	0.99798
0.4084	1.0747
0.43112	0.85885
0.31416	0.88399
0.22325	0.8846
0.55735	1.2025
0.475	1.4396
0.59454	1.02
0.6521	0.84703
0.57048	1.0271
0.42507	1.1477
0.70218	0.95545
0.79421	0.57237
0.76553	0.78351
0.33664	1.1572
1.2391	0.98281
1.3779	1.1476
0.456	0.64176
0.50767	0.46459
0.64043	1.3371
0.37364	1.1643
0.45323	1.1899
1.2142	0.88516
1.4309	1.1721
1.3532	0.95136
1.5557	1.1394
1.692	1.2896
1.5206	0.90323
1.4571	0.87263
1.5775	1.1598
0.93894	0.74375
1.2397	0.54541
1.3759	0.80769
1.2716	0.50511
1.3429	0.5669
1.0374	0.19675
1.5323	0.85805
1.4798	0.99835
1.6523	1.2317
1.581	1.1066
1.5182	1.1118
1.0834	0.63147
1.0922	0.59087
1.5663	1.1724
1.2268	0.91553
0.81319	0.55323
0.79944	0.55767
1.5958	1.0827
1.3645	0.90395
1.3382	0.94563
1.6084	1.1494
1.4973	1.1189
1.6425	1.1544
1.6159	1.0939
1.7747	1.3787
1.5167	1.1108
1.1334	0.58733
1.4589	0.77493
0.89064	0.31492
1.4689	0.96696
0.19428	0.95458
1.8008	1.545
1.2368	0.51921
1.6181	1.1691
1.6525	1.3315
1.7174	1.4402
1.8099	1.478
1.6921	1.3798
1.6408	1.2563
0.62433	0.96175
0.35257	1.1565
0.44477	1.0277
0.41028	1.2227
0.24163	1.0863
0.24331	0.78395
0.83105	0.96477
0.75063	0.90411
0.8829	1.0241
0.11797	0.84943
0.36389	0.94097
0.44545	1.1844
0.18063	0.97886
0.18702	0.91902
1.3268	1.3832
1.2628	1.4891
0.44224	0.81022
0.59988	0.82742
0.11621	0.85121
0.1134	0.86018
0.29092	0.79939
0.57617	0.84214
0.34434	1.1314
0.33843	1.3024
0.2717	1.2074
0.19741	1.106
0.13109	1.0558
0.1073	1.0528
0.038821	0.99596
0.30463	1.0666
0.10126	0.93537
0.11174	0.94071
0.28759	1.1862
0.11224	1.0689
0.033877	0.99133
0.86392	0.56705
0.61705	0.4241
0.75976	0.29147
1.1364	0.54758
1.1391	0.91258
0.81383	0.32383
0.68579	0.45899
0.87674	0.42366
0.615	0.38144
0.87245	0.21546
0.83659	0.17868
0.87221	0.16656
1.0355	0.40382
0.96216	0.22989
0.78947	0.31192
0.91096	0.062857
0.7842	0.28066
0.82795	0.14311
0.95288	0.35345
0.85352	0.16864
0.60256	0.40018
1.0611	0.1011
1.0884	0.15189
0.94207	0.035515
0.93713	0.12865
1.0433	0.19325
1.0274	0.12445
1.0386	0.075148
1.1118	0.33506
1.2823	0.34224
1.1269	0.16006
1.0672	0.23648
1.0946	0.14112
0.97369	0.16518
1.1083	0.14184
1.0081	0.15733
0.89753	0.1786
1.1658	0.21396
0.97131	0.021073
1.1998	0.39188
1.1573	0.37738
1.1164	0.16398
0.85766	0.11095
1.1548	0.23449
1.0848	0.2666
1.0813	0.12072
0.73789	0.38666
0.68091	0.5673
0.99957	0.26927
0.83558	0.15351
1.0436	0.088254
1.0156	0.13039
0.90675	0.10113
1.1404	0.1731
0.9638	0.17357
0.91054	0.062588
0.65577	0.34783
0.64442	0.44549
0.97577	0.10923
0.9216	0.05054
1.1424	0.17953
1.0052	0.07621
1.2266	0.26679
1.1218	0.16239
1.211	0.32947
1.0168	0.15498
0.98004	0.197
1.1834	0.21878
0.85941	0.2511
0.91389	0.057533
0.86689	0.15071
0.87462	0.093998
0.39153	0.77168
0.84422	0.18581
1.0264	0.18282
0.99684	0.051914
1.1348	0.2593
1.1152	0.15343
0.91805	0.054717
1.0788	0.14104
0.80138	0.20234
1.2323	0.27963
1.109	0.33264
1.0027	0.058044
0.87139	0.098912
0.73135	0.47255
1.1103	0.15124
0.71969	0.34069
1.1209	0.1965
1.0349	0.09079
0.29002	0.92127
1.1193	0.19324
1.0064	0.1047
1.104	0.1431
0.84146	0.13494
1.0592	0.15098
1.0892	0.12997
0.58068	0.50317
0.9899	0.055758
0.98068	0.16571
0.97176	0.0048828
0.78637	0.18104
1.0121	0.058584
0.76209	0.35066
0.61186	0.35559
1.1993	0.27329
0.98274	0.18087
0.91884	0.10147
1.0481	0.09512
0.95797	0.17678
1.2418	0.34573
1.1792	0.30772
0.93659	0.25025
1.1535	0.21111
0.78435	0.28158
1.1836	0.24997
1.0013	0.034376
1.1487	0.18434
0.98547	0.05143
0.38062	0.87415
0.45236	0.65932
0.82604	0.1596
1.0043	0.67698
0.5434	0.4289
0.89709	0.70074
0.44558	0.75104
0.61525	0.42252
0.83614	0.15776
0.87833	0.18589
1.1549	0.28994
0.90069	0.16449
0.71976	0.28113
0.83903	0.14313
0.70683	0.34611
0.97768	0.10704
0.79751	0.2211
0.73987	0.43902
1.0197	0.24494
0.92407	0.043377
1.183	0.25318
0.89662	0.15357
1.1172	0.2604
1.2003	0.3512
0.71954	0.28346
0.86968	0.099128
1.117	0.19537
1.0337	0.074236
1.1676	0.21153
0.3045	0.70129
0.76244	0.56156
0.87139	0.35705
1.1001	0.48046
0.81388	0.23311
0.96549	0.25385
1.0679	0.34281
1.0432	0.37144
1.0215	0.49872
1.0089	0.059658
0.958	0.28914
0.96593	0.43568
1.0357	0.19358
1.0697	0.12998
0.8333	0.21549
0.87574	0.094559
0.77063	0.20277
0.73338	0.32736
0.83582	0.3598
0.96011	0.041441
0.85565	0.24484
1.0426	0.087291
0.89681	0.31003
1.0352	0.092856
0.70418	0.29727
0.92125	0.37699
0.83023	0.20004
0.6973	0.41576
0.8394	0.17194
0.60935	0.36379
1.1351	1.0249
1.4984	1.2043
0.64675	0.37573
0.52848	0.43928
0.50437	0.48959
0.65061	0.58805
0.87724	0.57437
0.69899	0.31816
0.65929	0.83076
1.0124	0.43719
0.42945	0.62033
0.80007	0.55032
0.73033	0.28134
1.0351	0.083149
0.9003	0.079442
0.64325	0.54536
0.88256	0.088225
0.96284	0.029521
0.96375	0.13044
0.71008	0.29414
0.75806	0.21007
0.99135	0.090165
0.87899	0.19082
0.81574	0.15715
0.71288	0.31274
0.56829	0.67516
0.80749	0.18418
1.0768	0.11637
1.1613	0.21672
1.0961	0.16222
1.0261	0.05915
0.93927	0.05858
0.86235	0.40242
1.0905	0.20525
1.0312	0.085088
0.92756	0.051728
1.0259	0.13765
0.88026	0.13937
1.0591	0.10212
1.0199	0.2588
1.0117	0.076001
1.0707	0.11145
1.128	0.16467
1.0472	0.12788
0.91885	0.17086
1.0305	0.077268
1.0232	0.078969
0.8645	0.1029
1.0089	0.33821
1.1481	0.40589
0.84833	0.11958
1.0383	0.1959
1.1487	0.21532
1.0859	0.14507
1.4437	0.89788
1.3313	0.79715
1.0175	0.14912
0.88831	0.12589
1.1777	0.26026
1.1028	0.13568
0.93998	0.082706
1.1028	0.14157
0.49895	0.61501
0.61979	0.48551
0.73499	0.23286
1.0742	0.10688
1.1355	0.24322
0.94626	0.19415
0.74845	0.32979
0.86236	0.11288
0.84495	0.13099
0.88332	0.20891
0.93262	0.10679
0.98112	0.17617
0.90147	0.35975
0.66802	0.31757
0.8241	0.20403
1.0528	0.31996
1.055	0.17051
1.0349	0.24898
0.86954	0.18555
1.0302	0.31766
0.72641	0.31221
0.88634	0.35234
0.5435	0.55152
0.95812	0.096223
0.72047	0.25758
0.97383	0.30429
0.94217	0.026072
0.68851	0.36634
0.81626	0.18365
0.73149	0.28082
0.95968	0.46328
1.0816	0.33722
0.68366	0.42468
0.91366	0.076983
1.1564	0.31942
1.201	0.4569
0.62703	0.39051
0.8974	0.20115
0.7418	0.27732
0.78035	0.18755
1.024	0.25514
0.59399	0.89749
0.71055	0.73178
1.1244	0.2087
0.87792	0.42092
0.99055	0.22941
0.85825	0.17592
0.85728	0.1103
0.86587	0.10518
0.75927	0.25143
0.99967	0.27806
0.78992	0.18396
0.98827	0.20701
0.99649	0.13162
1.0343	0.22759
0.89296	0.29006
0.99755	0.095805
1.0772	0.47911
0.94959	0.14512
0.93696	0.03647
0.77673	0.60119
0.93491	0.13393
0.29353	0.67393
0.65052	0.40001
0.79954	0.25412
0.86477	0.11699
0.85178	0.13688
0.91361	0.10729
0.85522	0.14669
0.91724	0.38741
1.0965	0.39636
1.0228	0.36017
1.1028	0.22999
0.9301	0.11363
0.95065	0.52916
0.755	0.97074
0.62152	0.36868
1.1007	0.14265
1.0532	0.42518
0.83788	0.13481
0.84105	0.2451
0.72883	0.24082
0.9384	0.42318
1.1807	0.39805
1.0861	0.44227
1.0423	0.09334
0.82746	0.14217
1.0423	0.43387
0.89921	0.33161
0.99249	0.050328
0.7454	0.29572
1.0484	0.60923
0.96809	0.11192
1.1935	0.22614
0.99942	0.16218
1.0713	0.21799
1.183	0.22207
0.99026	0.85054
0.98234	0.24109
1.0331	0.11406
0.97938	0.01237
0.69029	0.28217
1.1025	0.2429
1.0573	0.2722
0.72908	0.25608
0.79402	0.29721
0.81773	0.38822
0.84917	0.1538
0.76373	0.47642
1.1123	0.30891
0.96819	0.2176
0.94487	0.11243
0.83759	0.14519
0.59142	0.3788
1.2436	0.37606
1.0481	0.08619
1.1674	0.22455
0.66524	0.31938
0.89985	0.33521
1.0169	0.17145
1.0018	0.15214
0.94107	0.13587
0.96014	0.11193
1.1762	0.26465
1.0017	0.040318
1.1708	0.20898
0.9205	0.20202
0.74149	0.32564
1.0621	0.095792
0.82069	0.32365
0.73542	0.24101
0.56506	0.69953
1.1145	0.77568
0.60752	0.37263
0.57483	0.44741
1.0699	0.10774
1.0506	0.089532
1.046	0.087451
1.1629	0.22211
0.84837	0.2503
0.76763	0.30964
0.45478	0.51377
0.7906	0.57916
0.80014	0.30272
1.4467	1.1658
1.5659	1.2022
0.64535	0.75877
0.35998	0.63249
0.67091	0.78733
0.69302	0.8824
1.2069	0.99198
0.16016	0.88272
1.1739	1.0707
1.332	0.91692
1.1666	0.64303
1.0612	0.43713
0.85756	0.61206
0.62302	0.82744
0.55883	0.65824
0.7102	0.72103
0.30373	0.7915
0.66626	0.66538
0.88296	0.18736
0.21575	0.83715
1.3274	1.0872
1.4712	1.0673
1.3369	0.85881
0.94614	0.041281
0.76037	0.50464
0.72326	0.56346
0.75154	0.21593
1.0312	0.2632
1.1674	0.33725
0.96623	0.061444
1.024	0.15309
0.78743	0.30868
0.77074	0.19698
0.95581	0.35485
1.112	0.17502
1.038	0.21559
0.93751	0.20029
0.98775	0.090629
0.92275	0.048632
1.2303	0.29753
0.99928	0.046686
1.0308	0.19452
1.0853	0.13091
0.94763	0.10311
1.131	0.1641
1.2182	0.28178
0.9213	0.066493
0.57201	1.2537
0.60306	0.9663
0.43445	0.91771
0.41649	0.93053
0.13021	0.9307
0.50915	1.0359
0.50069	0.88221
0.53169	1.1201
0.46734	1.2644
0.17157	0.87523
0.50938	0.93569
0.38519	1.0623
0.38694	1.2432
0.51262	1.3315
0.73948	1.3225
0.63949	1.5755
0.58018	1.5094
0.7848	1.6412
0.60676	1.5669
0.075536	1.015
0.15531	1.0599
0.59056	0.96732
0.57624	1.2453
0.33498	1.0144
0.47277	1.2474
0.57389	1.3565
0.29412	1.0821
0.31494	1.2446
0.19274	0.78476
0.60185	1.4176
0.5989	1.3672
0.38663	1.2766
0.059858	0.96842
0.057626	1.01
0.48414	1.2575
0.72629	1.5168
0.55618	1.4075
0.24597	1.2134
0.5265	1.4594
0.79345	1.7472
0.66194	1.6163
0.47822	1.3672
0.56153	1.2879
0.72611	1.4895
0.46449	1.332
0.64566	1.3217
0.45628	1.3468
0.59696	1.4347
0.047966	0.93569
0.10006	1.0053
0.10292	1.0223
0.64458	1.2948
0.36018	1.2285
0.22026	1.0434
0.49125	1.3139
0.3178	1.2685
0.2689	1.0863
0.26199	1.1236
0.78133	1.4206
0.30121	1.2364
0.22452	1.1076
0.34508	1.2608
0.2907	0.95437
0.68706	1.4127
0.31547	1.1938
0.44352	1.3238
0.67801	1.1025
0.66878	1.2383
0.52452	1.3426
0.17929	0.86008
0.033138	0.96877
0.63419	1.5783
0.15013	1.0461
0.33081	0.95299
0.52455	1.3077
0.40259	1.2543
0.58863	1.5465
0.68985	1.6114
0.70096	1.6675
0.52343	1.4318
0.1073	1.0671
0.40606	1.0078
0.13024	1.0965
0.50052	1.2624
0.12031	1.0282
0.082511	1.0496
0.24081	1.126
0.061446	1.0122
0.13363	0.9701
0.1765	1.0736
0.082438	0.96452
0.36008	1.2475
0.12954	0.97055
0.57242	0.87055
0.43637	1.127
0.56068	1.3055
0.63394	1.3951
0.39163	1.3236
0.70357	1.4474
0.48285	1.3732
0.47704	1.3192
0.23474	1.1135
0.17495	0.9989
0.43999	1.3117
0.63578	1.2334
0.62478	1.4288
0.59722	1.4082
0.041597	1.009
0.47132	1.2571
0.52342	1.3546
0.15127	0.99245
0.64902	1.4988
0.51439	1.2325
0.59452	1.5441
0.4623	1.3437
0.53595	1.4454
0.78307	1.7247
0.43292	0.93613
0.14414	0.87324
0.2469	1.1113
0.29524	1.1786
0.44154	1.3089
0.35162	1.2426
0.50467	1.4581
0.43985	1.2903
0.34594	1.2517
0.6451	1.4155
0.6387	1.384
0.10578	0.98823
0.32914	1.1967
0.79771	1.4081
0.56127	1.3346
0.28157	0.99533
0.27681	1.1872
0.16426	1.1261
0.51625	1.3553
0.14554	1.0466
0.12838	0.93788
0.65307	1.4412
0.613	1.3799
0.15539	1.0808
0.22793	1.0936
0.20554	0.82588
0.70084	1.4643
0.56188	1.4744
0.49926	1.293
0.021045	0.94648
0.30702	1.1093
0.57767	1.3817
0.57833	1.4077
0.57286	0.90685
0.51349	1.1689
0.2779	1.1077
0.62862	1.4675
0.5881	1.2516
0.54376	1.2956
0.36451	1.1707
0.15195	0.98458
0.21852	1.1381
0.75599	1.5117
0.53643	0.99624
0.63032	1.4278
0.43962	1.251
0.26378	1.0689
0.11872	1.0475
0.023128	0.96
0.1389	0.8342
0.15958	1.1236
0.095679	1.0604
0.04006	0.9378
0.22704	0.97211
0.50478	1.3768
0.7461	1.5632
0.5211	1.1937
0.65384	1.4443
0.37058	0.66526
0.55421	1.3949
0.5141	1.28
0.52476	1.3014
0.39053	1.2187
0.54696	1.3819
0.65196	1.4152
0.18855	0.98788
0.2049	0.77941
0.22681	1.1035
0.5306	1.1852
0.062667	0.99122
0.61461	1.3826
0.68104	1.402
0.38993	1.3066
0.49884	1.0177
0.5578	0.95201
1.3202	0.91321
1.2899	0.51261
1.2685	0.55028
0.13634	0.86456
0.12865	1.0199
0.49244	1.0759
0.43441	1.0163
0.47306	0.96835
1.0323	1.0612
1.1087	0.58952
1.2976	0.93765
1.1109	0.89789
1.3501	0.75335
0.35713	1.0199
0.45992	0.73502
0.43326	1.0312
0.30608	0.96227
0.25494	0.91979
0.84808	0.92173
0.22383	0.93893
0.24539	0.93459
0.24894	0.97821
0.23159	1.0146
0.56523	1.4642
0.39775	1.3641
0.58134	1.4415
0.49934	1.4378
0.75268	1.5332
1.9041	1.9486
0.3065	1.2499
0.19843	1.1657
0.29166	1.238
0.62379	1.4414
0.13615	1.102
0.31765	1.2822
0.14643	1.0807
0.046098	0.99252
0.22028	0.90322
0.30233	0.92426
0.75464	1.0825
0.18543	0.8453
0.073788	1.0372
0.16536	0.95527
0.082718	0.88492
0.28123	1.2088
0.30093	1.0912
0.37103	1.1669
0.19014	0.98331
0.15068	1.0891
0.49801	1.136
0.49209	1.0192
0.025689	0.99224
0.21272	0.91717
0.53339	1.15
0.19044	0.83409
0.42386	1.0925
0.26771	1.0571
0.15676	0.84607
0.22358	0.93845
0.16614	0.98586
0.16005	1.1231
0.19265	1.0434
0.4096	1.3633
0.2615	1.1859
0.063692	1.0292
0.17432	0.9823
0.25491	0.98986
0.55999	1.2254
0.48258	1.1707
0.10337	0.86407
0.45949	1.1045
0.56624	1.0413
0.39316	1.0095
0.54778	1.0769
0.46151	0.93398
0.39354	1.0234
0.39171	0.94694
0.24265	0.8638
0.42099	0.88044
0.40757	0.9281
0.53556	1.0694
0.52815	0.98789
0.55263	0.89922
0.37668	0.92444
0.45253	0.92666
0.37414	1.0042
0.38931	1.1042
0.58814	1.1656
0.60972	1.2292
0.090258	0.94322
0.13364	0.84508
0.31098	0.96642
0.21393	0.75365
0.091564	1.0242
0.57012	1.1174
0.68569	1.0064
0.45186	0.84761
0.23764	0.91561
0.93442	1.0897
1.3019	1.2114
1.3259	1.1066
0.87326	0.89393
1.0758	0.96901
0.47419	1.2631
0.47767	1.4381
0.53048	1.4143
0.43669	1.1159
0.43253	1.3909
0.48717	1.1723
0.58809	1.5058
0.53418	1.4613
0.32955	0.90673
0.43351	1.4009
0.50761	1.4747
0.29836	0.98511
0.33708	1.1164
0.45804	1.2425
0.26869	1.1483
0.58112	1.5209
0.44701	1.2302
0.35149	1.067
0.32082	1.2592
0.47417	0.96806
0.39735	1.1191
0.37783	0.89697
0.19225	1.1054
0.29496	1.1869
0.88072	0.73196
0.45505	1.161
1.0341	1.0714
0.90043	0.74326
0.2397	1.0749
0.51246	1.0223
0.32272	1.1042
0.94654	0.78375
0.87703	1.0648
0.81649	0.58887
0.55168	0.78681
0.73968	0.5998
1.1201	0.77164
1.1293	1.0952
0.68171	1.1677
1.1895	1.1147
1.0346	0.99688
0.86201	0.89763
1.4507	1.34
1.4226	1.3947
0.78693	1.4328
0.7532	1.0695
0.53789	1.0678
0.22937	1.0806
0.92996	1.065
1.0362	1.0434
1.311	1.0753
0.7641	1.1601
1.1472	1.2982
1.3185	1.3262
1.0004	0.99419
0.98752	1.0201
0.84027	1.3191
0.66237	0.88459
1.2815	1.2032
0.97712	1.2197
0.41509	0.95443
0.42129	0.95461
0.98733	1.3247
0.91344	1.2681
0.99931	1.2027
0.80964	0.71166
0.35612	1.0833
0.59756	1.3077
1.1661	1.7107
0.79733	1.2712
1.0393	1.2073
1.1346	1.5388
1.6102	1.7061
1.6695	1.6589
1.8145	1.7454
1.7094	1.5669
1.4763	1.5771
1.3593	1.5121
1.0671	1.5403
1.0673	1.4475
1.2695	1.5667
1.3842	1.7295
0.63895	1.5388
0.69402	1.5021
0.89355	1.5351
1.5277	1.8019
1.1091	1.5651
1.3969	1.7888
0.98298	1.6185
1.4419	1.6544
1.3328	1.6754
1.3724	1.8583
1.3666	1.5494
1.4905	1.674
1.2581	1.6006
0.98123	1.7059
1.3176	1.7793
0.92231	1.5624
1.4384	1.8481
0.97154	1.5365
0.94388	1.3785
1.4249	1.6692
0.90181	1.5465
0.99214	1.4536
0.80891	1.5213
1.107	1.4752
1.0406	1.6877
1.0424	1.9345
1.2432	1.7029
1.9211	1.8231
1.021	1.6386
1.8902	1.7745
1.1506	1.4473
1.258	1.7904
1.3317	1.7523
1.3876	1.7778
1.3486	1.5574
1.4928	1.4808
1.1664	1.682
1.2683	1.6341
1.4768	1.4754
0.79634	1.5465
1.2415	1.6258
0.99671	1.5138
1.3155	1.5178
1.5513	1.489
1.026	1.483
1.1316	1.6689
1.2711	1.6502
1.1776	1.49
1.1751	1.7707
0.96414	1.5008
1.7354	1.7909
1.2421	1.6094
0.67926	1.401
1.1305	1.6102
0.96536	1.5392
0.62196	1.3099
1.3424	1.6756
0.92356	1.5147
1.0491	1.5971
1.2926	1.5639
1.4329	1.6448
1.7461	1.6287
1.2681	1.5625
1.3113	1.332
1.1125	1.4278
1.7928	1.6661
1.5234	1.9809
1.2132	1.5008
1.8176	1.791
1.1699	1.3982
1.7291	1.6583
1.3163	1.542
1.5293	1.6359
1.1606	1.7197
1.1652	1.4309
0.95558	1.5112
0.83899	1.4096
1.3664	1.469
1.0195	1.3517
1.4553	1.5668
1.5374	1.62
1.5081	1.6941
1.2826	1.6157
1.5371	1.5026
1.4228	1.6095
1.6848	1.5538
1.898	1.7895
1.543	1.6614
1.2226	1.5795
1.6161	1.5809
1.8818	1.796
1.8065	1.6218
1.6193	1.5912
1.8288	1.8208
1.1111	1.5419
0.96812	1.6045
1.6128	1.5201
1.1538	1.6728
1.0181	1.5126
1.0127	1.6311
1.1092	1.5763
1.0006	1.571
0.81789	1.2175
1.0346	1.6285
1.2762	1.5624
1.0743	1.6095
0.97116	1.4836
0.87281	1.512
1.0832	1.5638
1.0811	1.5189
0.89253	1.6704
1.1462	1.4463
1.057	1.4498
0.59603	0.80209
1.7144	1.824
1.4033	1.3282
1.2469	1.5452
1.0189	1.3005
0.62039	1.4639
0.83926	1.5494
0.88148	1.627
0.84113	1.7412
0.74146	1.6566
0.92099	1.4093
1.3224	1.3495
1.7574	1.8669
0.73413	1.2964
1.2209	1.5617
0.93851	1.253
0.91418	1.3602
0.93611	1.861
0.94513	1.7084
0.71439	1.4938
0.24392	1.2109
0.35682	1.3011
1.404	1.6105
1.6791	1.8821
1.4698	1.8053
1.261	1.4024
1.4732	1.7017
1.4841	1.5892
1.7146	1.8584
1.8542	1.707
2.0841	1.9817
1.8853	1.6819
1.8599	1.7853
2.0679	1.9494
2.039	1.916
1.7045	1.5606
1.8971	1.7244
1.9259	1.8172
1.8436	1.4878
1.9933	1.8718
1.9943	1.9235
1.4547	1.0936
1.0467	0.93859
1.6027	1.7206
1.6296	1.3256
1.5273	1.2241
0.047283	0.97666
0.31739	0.81909
0.26261	0.9934
0.076563	0.97146
0.51519	1.3739
0.16355	1.1213
0.28921	0.98044
0.27723	1.0746
0.22982	1.024
0.45335	1.4164
0.12309	1.0629
0.16525	1.0447
0.58087	1.403
0.51721	1.3654
0.62567	1.3577
0.7087	1.4903
0.67951	1.0487
0.81666	0.61976
1.7986	1.5795
1.877	1.7383
0.56591	1.244
1.8954	1.7403
0.93112	0.51622
1.4152	0.82647
1.6051	1.3813
1.2804	0.59731
0.99579	0.54231
1.842	1.956
1.2771	0.83559
1.4989	1.4128
1.3324	0.9347
1.242	0.88983
1.0533	0.91551
0.78149	0.46254
0.65216	0.81846
0.87734	0.73683
0.97546	0.69947
1.1405	0.91017
0.63123	0.48541
0.89212	1.2967
1.2089	0.84955
0.94336	0.68992
0.52298	0.76374
0.87472	0.43318
0.75439	0.43229
0.51129	0.72625
0.78012	0.76183
1.4742	1.2543
1.4134	1.1885
1.2646	0.95711
1.4273	1.0298
1.4751	1.2723
1.4465	1.1199
1.1836	0.83395
1.2687	1.1018
1.335	0.81796
1.3377	1.0162
1.0969	0.74889
1.2861	1.1531
1.1083	0.82867
1.3325	0.93786
1.1866	0.68502
1.0391	0.78742
1.5238	1.1767
1.3871	0.82486
1.0876	0.35704
1.209	0.64618
1.298	0.68195
1.3234	0.78856
1.0815	0.52303
1.051	0.39653
1.2062	0.53227
1.1865	0.67038
1.2095	0.58947
1.1025	0.63648
1.2074	0.53758
0.77664	0.20853
0.88709	0.082137
1.0122	0.53294
1.0784	0.18555
1.1134	0.26817
0.66275	0.53304
0.91734	0.46862
1.2585	0.67068
0.76632	0.33344
0.61317	0.50514
0.90738	0.44058
0.94873	0.62712
0.90216	0.44321
0.83892	0.46944
0.82439	0.35967
0.68796	0.28506
1.1255	0.50538
1.049	0.26274
1.1312	0.25179
1.0315	0.22276
0.7951	0.17233
0.6269	0.36094
0.71851	0.41523
1.195	0.43165
0.91902	0.25412
0.85857	0.1169
1.1473	0.2173
1.0705	0.49218
0.81451	0.22868
0.98638	0.38642
1.0491	0.23654
0.96041	0.47057
0.9042	0.34803
1.124	0.32338
0.64663	0.321
0.72407	0.25723
1.0156	0.67162
0.92652	0.55289
0.71615	0.36801
0.74041	0.40257
0.86497	0.12748
0.82855	0.33081
0.69832	0.42833
1.189	0.37796
1.0618	0.50109
0.96484	0.47536
0.89769	0.099481
0.95631	0.21567
0.75992	0.21254
1.0595	0.38541
0.88426	0.17031
1.0946	0.44646
0.63265	0.33695
0.95574	0.22328
0.44875	0.99337
1.3115	0.62013
0.23328	1.035
0.42208	0.88573
0.42563	1.1013
0.60349	1.1063
0.50042	0.88673
0.37869	0.88669
0.26949	1.0243
0.15104	0.88819
0.46561	1.0755
0.33885	0.80523
1.1752	0.6871
0.52398	1.1295
0.3645	1.0716
0.62631	1.1165
0.30199	0.85644
0.57488	1.0037
0.55812	1.0267
0.34093	0.90607
0.17893	1.0793
0.35986	0.77051
0.51648	0.93429
0.33052	0.92516
0.62341	1.1423
0.76507	0.89302
0.40771	0.71869
0.31706	0.78147
0.08561	0.8818
0.43095	0.98501
0.57116	0.90286
0.35822	0.91649
0.24447	0.73407
0.47209	1.0985
0.43913	0.94499
0.32406	0.85956
0.62024	1.1262
0.52444	1.1065
0.33128	0.94765
0.71613	0.64862
0.48414	1.1909
0.54018	1.0199
0.52647	0.99695
0.40552	0.93091
0.43971	1.0878
0.072939	0.91741
0.48845	1.1479
0.43548	1.1259
0.44786	1.1329
0.3108	0.9537
0.3656	0.85465
0.45324	0.98165
0.51813	0.67126
0.35254	1.142
0.27567	0.97411
0.24021	1.1045
0.51029	0.94696
0.6865	1.2546
0.40071	1.2835
0.5098	1.1033
0.5833	1.1712
0.56079	1.2207
0.18153	0.79277
0.98124	1.0911
0.41476	0.81036
0.40555	0.9686
0.55224	1.1615
0.28374	1.1388
0.53665	0.9621
1.0311	0.86606
1.0905	0.75213
0.44954	1.0955
0.58202	1.0034
0.556	1.0535
0.40308	1.0218
0.52167	0.82777
0.47138	0.99113
0.48956	1.0815
0.52877	1.0754
0.62718	0.96279
0.2045	0.91331
0.45843	1.1542
0.56922	1.1425
0.52506	1.1617
0.42114	0.97173
0.54587	0.83233
0.47236	1.044
0.47701	1.0777
0.42582	0.98533
0.20138	0.96386
0.10777	0.86122
0.58784	0.98936
0.36993	0.95719
0.71111	1.1957
0.41282	0.83865
0.51772	0.89418
0.22288	1.1865
0.23642	0.73362
0.069487	0.92348
0.61588	0.75172
0.89232	1.0814
0.78538	1.2011
1.0843	1.3504
0.28138	1.0614
0.12394	1.0056
0.097045	0.96901
0.20685	0.83422
0.13489	1.0129
0.22513	1.0494
0.13326	1.0264
0.049186	1.0166
0.13124	0.83776
0.44768	1.0863
0.32149	0.94953
0.45442	1.0715
0.56543	0.91857
0.35547	0.97821
0.48219	1.1397
1.3306	1.2416
0.74695	0.26102
1.1335	0.16642
0.9918	0.024396
1.123	0.19858
0.87707	0.1385
1.065	0.14697
1.1506	0.18713
0.9163	0.071383
1.2087	0.24737
1.0044	0.17291
0.89645	0.076208
1.1329	0.16694
1.1834	0.25606
1.0153	0.072772
1.1817	0.25435
1.1315	0.18613
1.1561	0.19435
0.94211	0.048324
0.89672	0.10447
1.0352	0.1556
1.1595	0.30287
1.1663	0.38789
1.1122	0.14816
1.0019	0.11893
0.67188	0.40548
1.0667	0.13822
1.0079	0.10084
0.87963	0.13498
0.88948	0.24177
0.75054	0.28065
0.83238	0.13599
1.011	0.45708
0.7337	0.23906
0.88415	0.35984
0.64527	0.33512
0.49718	0.48424
0.42644	0.57234
0.50481	0.65744
0.38262	0.58486
0.52151	0.67028
0.47708	0.50128
0.82455	0.20129
0.31444	0.66895
0.45351	0.6161
0.62091	0.45182
0.66006	0.37411
0.81265	0.21951
0.58623	0.39804
0.63029	0.33728
0.58158	0.60849
0.84325	0.12427
0.853	0.11836
0.48338	0.57651
0.56189	0.61699
0.55027	0.42406
0.66125	0.34142
0.63169	0.4045
0.85058	0.21942
0.74271	0.25366
0.80103	0.19142
0.59508	0.45568
0.57582	0.45857
0.43015	0.61675
0.52576	0.55301
0.7068	0.26149
0.72473	0.24508
0.63347	0.33537
0.50227	0.52998
0.82605	0.30006
0.58142	0.38612
0.24716	0.73644
0.55043	0.43621
0.64529	0.33699
0.39205	0.66817
0.49849	0.58001
0.72649	0.30115
0.61984	0.35879
0.7421	0.27737
0.82654	0.16417
0.63832	0.33186
0.58484	0.47531
0.67183	0.34607
0.73457	0.23804
0.64492	0.43068
0.67806	0.28984
0.70313	0.26883
0.31674	0.65665
0.66248	0.30794
0.76749	0.2
0.53708	0.43034
0.37282	0.60885
0.42847	0.77837
0.5586	0.48777
0.45567	0.59604
0.25187	0.78733
0.2628	0.71445
0.39635	0.59636
0.38378	0.63362
0.31107	0.85895
0.37745	0.59062
0.43912	0.53316
0.50212	0.48685
0.17344	0.80455
0.46221	0.7647
0.15962	0.85855
0.49794	0.56204
0.25408	0.71698
0.27069	0.82086
0.29935	0.66919
0.38867	0.91326
0.81864	0.46498
0.70478	0.29836
0.55622	0.56115
0.72649	0.56523
1.4414	1.2818
1.3567	1.182
1.2583	1.0187
1.7228	1.416
0.73908	0.2317
0.83073	0.41734
0.79525	0.41371
1.1126	0.3629
0.86679	0.27855
0.9672	0.39625
0.89522	0.2683
0.7355	0.23537
1.0617	0.60524
0.87257	0.21272
1.0057	0.40104
0.88634	0.38768
0.74346	0.28377
0.93901	0.54621
0.87331	0.38028
0.71795	0.27954
0.98609	0.46487
0.82379	0.3556
0.8901	0.3596
0.77717	0.30288
0.73819	0.44424
0.91917	0.36317
1.0815	0.26368
0.79314	0.36408
0.78885	0.27202
0.81057	0.31087
0.81681	0.30061
0.69139	0.30894
0.92848	0.33937
0.66842	0.46882
0.69183	0.3163
0.65973	0.36747
0.79875	0.30211
0.49444	0.49155
0.17698	0.81088
1.2409	1.4176
0.67693	0.84264
0.62412	0.73007
1.2998	1.2998
0.77483	0.19419
0.38709	0.58056
0.73075	0.25748
0.9412	1.0402
0.57796	0.56902
1.1624	0.94388
0.95142	0.33198
1.0158	0.39849
1.1618	0.79777
0.83189	0.2493
0.96228	0.34021
0.83667	0.31314
0.95258	0.40368
0.92556	0.31728
0.81859	0.46622
0.69878	0.3133
0.83526	0.2844
0.9689	0.40392
0.87713	0.4389
1.1035	0.67417
0.86037	0.39539
0.89035	0.11584
0.97158	0.38361
0.83086	0.28428
1.155	0.54354
0.83785	0.20483
0.94402	0.26871
0.96221	0.4093
0.84212	0.28598
0.83462	0.41357
0.94197	0.31738
1.0462	0.079159
0.76073	0.29397
0.99567	0.062222
0.66234	0.41732
0.87062	0.31264
0.88303	0.39602
0.88238	0.28187
0.97959	0.1839
0.70746	0.32018
0.6815	0.37574
1.0029	0.55465
0.90804	0.32509
0.82216	0.32198
0.6935	0.42666
0.83001	0.43799
0.85909	0.11673
0.87287	0.32376
0.84649	0.39111
0.95292	0.37801
0.80389	0.21283
0.91732	0.43792
0.81585	0.15374
1.0711	0.54473
0.94774	0.28416
0.86838	0.35096
0.78007	0.32314
0.74546	0.43276
0.98759	0.40391
0.74968	0.31735
0.89801	0.39634
0.8413	0.36607
0.74021	0.31177
0.75329	0.32799
0.95579	0.47448
0.79889	0.3815
0.88202	0.39432
0.93804	0.20845
0.78457	0.25584
0.83543	0.37757
0.87151	0.46498
0.93141	0.46329
0.84177	0.20502
0.7627	0.22226
0.82907	0.26623
0.78463	0.23145
1.0145	0.577
0.69143	0.28368
1.0439	0.17934
0.75537	0.33859
0.5501	0.47496
0.12464	0.84909
0.24364	0.74222
0.78137	0.22465
1.2339	0.57584
1.0881	0.50845
0.80824	0.37953
0.87283	0.25398
0.56586	0.62033
0.70641	0.34667
0.65845	0.34776
0.67777	0.30433
0.61588	0.3614
0.69096	0.27798
0.60675	0.49986
0.41927	0.5494
0.61891	0.35454
0.74102	0.24403
0.81676	0.50537
0.50792	0.64153
0.67957	0.28925
0.81833	0.15042
0.72317	0.34184
0.42538	0.54506
0.79971	0.18235
0.58732	0.45638
0.65839	0.72389
0.6132	0.35427
0.65895	0.47598
0.44826	0.65678
1.2868	1.1317
1.2468	1.3027
1.4958	1.3024
1.4041	1.2781
1.2247	1.2452
0.66297	0.36591
0.68066	0.29165
0.96268	0.11179
0.56415	0.40469
0.39886	0.63283
0.54077	0.56391
0.77642	0.19874
0.053207	0.91429
0.51769	0.45484
0.36341	0.75317
0.49752	0.60585
0.4513	0.69369
0.49908	0.62313
0.61502	0.36696
0.59606	0.51167
0.529	0.61861
0.62418	0.53858
0.49658	0.55856
0.47256	0.7115
0.53001	0.60911
0.60899	0.46753
0.7822	0.2476
0.71668	0.25815
0.57582	0.53055
0.53123	0.44959
0.6845	0.28808
0.72606	0.27817
0.87077	0.20955
0.5272	0.44191
0.67104	0.33077
0.7363	0.38814
0.65045	0.37452
0.63278	0.37741
0.92601	0.044625
0.6903	0.30843
0.7227	0.38871
0.61383	0.37357
0.62458	0.50337
0.58479	0.57316
0.80916	0.23139
0.5031	0.56284
0.80298	0.16515
0.58024	0.40681
0.68824	0.31441
0.60711	0.40348
0.5198	0.6155
0.55402	0.42826
0.53281	0.45375
0.68081	0.43365
0.57799	0.39144
0.82513	0.33851
0.66234	0.31523
0.72739	0.24351
0.36065	0.7649
0.67303	0.42465
0.63297	0.41962
0.53952	0.54772
0.52638	0.53946
0.38115	1.0517
0.48918	1.1253
0.4609	0.54618
0.18582	1.1462
0.42531	0.67107
0.24218	0.83209
0.4152	0.6436
0.51584	0.54509
0.23603	1.1291
0.35032	0.75564
0.4643	0.76523
0.30668	1.2061
0.29883	0.76514
0.87324	0.60651
0.66193	0.30737
0.53407	0.44791
0.6262	0.35617
0.79908	0.41094
0.49667	0.49691
0.71967	0.28253
0.57791	0.51637
0.4412	0.53861
0.81961	0.16981
0.71229	0.26912
0.81744	0.233
0.74805	0.24965
0.9251	0.44841
0.46404	0.56688
0.62081	0.35612
0.46628	0.50313
0.82836	0.18623
0.7976	0.18895
0.84565	0.33549
0.76729	0.20461
0.72188	0.48899
0.4794	0.62255
0.85602	0.19186
0.78969	0.29463
0.75772	0.21605
0.90054	0.35253
0.70222	0.30897
0.72201	0.2507
0.76806	0.20219
0.88614	0.32045
0.56546	0.5082
0.5723	0.40209
0.19162	0.799
0.31865	1.2629
0.43729	0.82425
0.55212	0.5885
0.28731	1.2047
0.18076	1.128
0.15894	0.85436
0.42613	0.75147
0.23835	1.1801
0.16936	0.91678
0.24394	0.80531
0.83205	0.93772
0.25322	1.0862
0.30075	1.2676
0.38494	1.3487
0.23661	1.191
0.18304	1.0612
0.42982	0.54957
0.40909	0.93008
0.12711	0.99479
0.61642	0.35247
0.24328	0.84705
0.34844	1.3155
0.95081	0.196
0.85123	1.6125
0.76824	1.6082
0.76556	1.3664
0.67435	1.5715
0.29826	1.2407
0.73864	1.5525
0.78865	1.3847
0.17617	1.1436
0.34778	1.2381
1.0021	1.4923
0.67127	1.0951
0.7703	1.1794
0.87106	1.1599
0.58652	0.9931
0.73035	0.90322
0.83407	1.0241
0.40867	0.83929
0.69564	1.0329
0.57506	1.4012
0.74238	1.112
0.75921	1.5324
0.59048	1.4173
1.4622	1.4769
0.47191	1.3857
0.72615	1.5795
0.3844	1.3454
0.33254	1.2761
0.23373	1.197
0.13334	0.93111
0.093376	0.87897
1.3481	1.0419
1.584	1.444
0.94569	0.58216
1.5661	1.275
0.1139	1.0811
0.11316	1.0502
0.068353	0.93602
0.16902	1.1224
0.16604	0.81142
0.093107	0.92036
0.50206	1.1305
1.4641	1.5652
1.5926	1.6394
0.40802	0.99061
0.26216	1.0392
0.081099	1.0294
0.21361	0.87992
0.074618	1.0394
0.18629	0.95872
0.1115	0.99538
0.14289	0.82704
0.22141	1.1092
0.19134	1.1437
0.040534	1.0052
0.10746	0.86135
0.064927	1.0303
0.14385	1.066
0.042093	0.98352
0.045661	0.93093
0.073608	1.0384
0.1836	1.0511
0.10155	1.0272
0.21939	0.93358
0.17416	1.1073
0.055039	1.0159
0.051285	0.93193
0.091941	0.87557
0.081335	0.99633
0.11878	1.0641
0.085674	0.99347
0.098219	0.96465
0.11198	1.0111
0.093656	1.0521
0.10764	0.89954
0.14396	0.91835
0.18733	0.83998
0.1114	0.91201
0.16152	0.80592
0.072465	1.0009
0.063434	1.0241
0.064658	0.92485
0.18072	1.137
0.099925	0.87026
0.057584	0.93171
0.13373	0.8935
0.22941	1.1773
0.19176	1.1278
0.10492	1.0723
0.077458	1.0107
0.11642	1.0301
0.17874	1.0437
0.14205	0.82538
0.19061	0.77744
0.37757	0.68124
0.22679	0.74069
0.1	1.0285
0.048508	0.99865
0.21009	1.1775
0.20721	1.0888
0.20934	1.159
0.03621	0.94357
0.030203	0.94537
0.038574	0.95733
0.1584	1.0223
0.11767	0.92254
0.046383	0.93134
0.10796	0.89896
0.18761	0.98857
0.17186	0.8605
0.1179	1.0171
0.19988	1.1522
0.21228	1.0832
0.12375	1.0174
0.099049	0.96244
0.09448	1.0447
0.10805	0.86705
0.10425	0.87754
0.16148	0.81384
0.063877	0.9832
0.28995	0.749
0.098617	0.99024
0.040147	1.007
0.17523	0.87674
0.14011	0.89625
0.078614	1.0017
0.053696	1.0203
0.12037	1.085
0.18715	1.0493
0.0029088	0.96854
0.13897	1.0787
0.15851	1.0186
0.17334	0.95092
0.163	1.1195
0.15111	1.1082
0.17333	1.0184
0.12762	0.84702
0.16423	1.068
0.2182	1.1685
0.046844	0.99656
0.12689	1.0905
0.13416	0.91606
0.13764	1.0643
0.01994	0.96632
0.20788	0.95813
0.19835	1.1057
0.21485	1.0357
0.16005	1.1053
0.08023	0.88718
0.177	0.86914
0.16869	1.0625
0.28031	1.1794
0.056572	0.91536
0.14223	0.88846
0.069808	1.0262
0.14513	1.0929
0.08418	0.98632
0.1258	0.91759
0.092964	0.98388
0.024499	0.98449
0.054831	0.94686
0.18077	1.028
0.04505	0.92235
0.097588	0.90438
0.031252	0.93736
0.19791	0.90426
0.26873	1.0092
0.08989	1.0535
0.27121	1.1194
0.22128	1.1645
0.12175	0.91085
0.043756	0.92384
0.19612	0.99523
0.12233	0.89069
0.05608	1.0166
0.028126	0.96258
0.012982	0.9746
0.15505	1.115
0.074164	0.91367
0.16061	0.86971
0.17028	0.99612
0.069031	0.98409
0.03612	0.93163
0.14679	1.0866
0.14776	0.86988
0.13501	0.85253
0.12465	1.0906
0.073295	0.98552
0.15676	0.82256
0.13818	1.0912
0.17653	1.1105
0.12824	1.0343
0.2006	0.85548
0.097669	0.89789
0.11902	1.0014
0.10247	0.87818
0.11181	0.85597
0.13813	1.0974
0.20617	0.78984
0.14135	0.93943
0.041399	0.94707
0.18237	0.78504
0.16609	0.81496
0.098084	0.96808
0.052445	0.95757
0.15457	1.1174
0.12067	0.87376
0.10767	0.86202
0.080761	0.91326
0.14436	0.82536
0.028703	0.93896
0.29623	1.1138
0.58561	1.3745
0.76588	1.3418
0.74054	1.3687
1.2319	1.0777
1.6335	1.2502
1.4668	1.487
1.5461	1.1672
0.9905	1.3343
1.0945	1.2924
0.91703	1.1845
0.39621	1.2965
0.25651	1.0775
0.71211	1.5152
0.28553	1.1272
0.22519	1.0606
1.0093	1.3823
0.13391	1.0396
1.1143	0.64081
1.7649	1.323
1.6686	1.3016
1.4232	0.99932
1.4626	1.0645
1.0637	0.64259
1.3808	0.72553
0.66631	1.1101
0.39103	0.79831
0.54458	0.92724
0.29604	0.68029
0.45781	1.3535
0.53546	1.0364
0.37383	0.81373
0.69289	1.0842
0.55673	1.1223
0.27322	0.94852
0.33322	0.67395
0.90938	0.27552
0.56834	0.47766
1.0593	0.13607
0.95157	0.39912
0.978	0.093718
0.91454	0.36865
0.38135	0.71006
0.76226	0.46089
1.3803	0.91645
0.79307	0.24978
0.88153	0.10963
1.2971	0.88085
1.3512	0.929
0.95357	0.28938
0.44281	0.62309
0.60133	0.39737
0.25602	0.72649
0.29303	0.68963
0.99062	0.87887
0.50189	0.64703
0.88738	0.63904
0.86886	0.59666
0.75075	0.39888
0.09474	0.89488
1.582	1.1023
1.7046	1.2542
1.617	1.0321
1.5244	1.0145
0.82176	0.19636
0.83686	0.58321
1.359	0.73198
1.545	0.96621
1.6019	1.2446
1.6817	1.1585
1.6039	0.9113
1.1794	0.53382
1.5177	0.88951
1.5302	0.99575
1.668	1.0586
1.4994	0.91695
1.5323	1.0885
0.77311	0.19431
0.62264	0.49321
0.84549	0.20608
0.38357	0.58502
0.41492	0.97525
1.5112	0.94366
1.4304	1.1004
1.2556	0.6594
1.2975	0.9531
1.2937	0.97547
1.2235	0.82402
1.521	1.0021
1.347	1.0008
1.3839	0.55814
1.1536	0.73077
1.1058	0.47994
1.4253	0.94393
1.7282	1.5985
0.92399	1.7071
0.041624	1.0039
0.20106	0.9532
0.22128	1.1603
0.30609	0.67303
0.22148	0.74613
0.64528	0.71677
1.1295	0.46327
0.81312	0.27097
1.163	0.69465
0.73649	0.40949
0.7963	0.25015
0.84835	0.2708
0.77044	0.3067
0.85704	0.19346
0.91646	0.32385
0.81106	0.29577
0.76382	0.71503
0.81634	0.35325
0.87321	0.60003
0.4715	1.3822
0.27766	1.2448
0.36263	1.2476
0.25755	1.1742
0.54095	1.4945
0.37311	1.2715
1.1209	1.0559
1.1698	0.91527
0.99112	1.1714
0.40558	1.3195
0.37893	1.342
0.6787	0.57657
0.44142	1.3622
0.13416	1.0971
0.40937	1.3088
0.64633	1.4219
0.31427	1.0265
0.26341	1.2103
0.40604	1.2286
0.60059	1.4287
0.26974	1.2366
0.1013	1.0654
0.25191	1.2015
0.30862	1.2655
0.065295	1.0317
0.099726	1.0602
0.09389	1.044
0.38092	1.3259
0.16765	1.0895
0.31505	1.2705
0.10188	1.049
0.2295	1.1857
0.41911	1.3729
0.32045	1.2599
0.28575	1.0589
0.32612	0.91525
0.26268	1.2297
0.44829	1.1891
0.22629	1.0724
0.34971	1.3105
0.33507	1.3017
0.2568	1.2104
0.37731	1.2827
0.047782	0.93093
0.45675	1.2775
0.46098	1.3556
0.24879	1.1773
0.08945	0.94635
0.28174	1.2487
0.62907	1.3795
0.40173	1.3579
0.19143	1.1575
0.3571	1.3235
0.37543	0.94227
0.1675	1.1064
0.43541	1.3122
0.2419	1.1366
0.31985	1.2814
0.3952	1.3198
0.29546	1.1865
0.35519	1.3084
0.46124	1.4188
0.34576	1.2915
0.20438	1.0647
0.35813	1.3222
0.23842	0.99905
0.07959	0.9263
0.16998	0.92852
0.044775	0.99757
0.16498	1.0394
0.10973	1.0361
0.41747	1.3171
0.39934	1.2691
0.13328	1.0598
0.38642	1.3538
0.12355	1.0896
0.32432	1.2662
0.21006	1.1749
0.20942	1.1767
0.24638	1.1163
0.46879	0.85534
0.63787	0.85856
0.52052	1.2036
0.34831	1.151
0.40536	0.929
0.52484	0.73409
1.205	0.89293
1.1529	0.65219
0.97591	0.54156
1.03	0.64597
1.0389	0.71205
1.1318	0.75612
0.98621	0.61296
0.55264	1.0003
0.79951	1.0772
0.67857	0.60603
0.84218	0.98471
1.3467	0.86591
0.7051	1.1765
0.85551	0.74984
0.62137	0.51831
0.85458	0.79645
0.60263	0.8829
1.0331	0.8612
0.76199	0.79401
0.53887	0.6178
0.5057	0.50666
0.69579	0.32276
0.25058	0.72622
0.54735	0.64315
0.48299	0.62867
0.82206	0.25745
0.72829	0.24242
0.62479	0.4187
1.1241	0.2445
0.97865	0.12159
0.79674	0.2093
1.0526	0.21909
1.0316	0.21266
0.75976	0.3092
0.70661	0.32822
0.76718	0.22664
0.80535	0.16251
0.86008	0.46924
1.5818	1.3226
0.16695	0.81958
0.13833	0.88487
0.19268	0.90956
0.17396	0.85143
1.1809	0.78431
0.82741	0.37109
0.87933	0.23835
0.8336	0.5687
1.4242	1.0254
1.1622	0.81
1.3072	0.76497
1.6876	1.2704
1.2266	0.76184
1.2504	0.68662
1.3347	0.90722
1.8026	1.3546
1.0212	0.085621
0.77409	0.37532
1.0242	0.21462
0.94845	0.080558
1.1252	0.20043
0.95366	0.36812
1.0142	0.27418
0.81872	0.36967
1.1189	0.15336
0.88401	0.34155
0.83873	0.25455
0.99278	0.026215
1.0579	0.14222
0.89252	0.40898
0.74588	0.22251
1.2727	0.3941
0.92418	0.40076
0.69894	0.29865
0.64463	0.45012
1.0711	0.40681
0.86066	0.35042
0.96964	0.67284
1.1009	0.21439
0.84228	0.389
0.75298	0.28772
0.48954	0.49094
0.77181	0.21247
0.92088	0.15113
0.79932	0.54575
1.1328	0.65185
0.45278	0.60436
1.074	0.39399
1.2053	0.47645
1.5189	1.0315
0.84769	0.42615
1.0011	0.26
0.988	0.30829
0.99277	0.088528
0.87361	0.63518
0.86922	0.56992
0.55475	0.54214
0.64897	0.47984
0.64011	1.0304
0.67236	0.49756
0.70859	0.28878
0.75024	0.32941
0.82632	0.14166
1.0682	0.6565
0.77851	0.18921
0.97724	0.047214
0.9581	0.17148
0.79523	0.51616
0.83237	0.39732
0.88746	0.29572
0.64983	0.31757
0.79742	0.1705
0.84054	0.18298
0.54907	0.42516
0.88263	0.9558
0.065098	0.90275
0.11031	0.92737
0.25853	1.1772
0.15999	0.90516
0.74376	0.33567
0.85391	0.47828
0.67347	0.30051
0.72279	0.48293
0.12204	0.8517
0.52318	0.85489
0.52102	0.56599
0.60351	0.75898
0.35028	0.79848
0.4187	0.76322
1.0248	0.41711
1.2503	0.75585
0.65772	0.40703
0.87893	0.12642
0.80488	0.36061
1.388	0.84134
0.31166	0.93597
0.62612	0.37447
0.42488	0.67703
0.72801	0.54451
0.66847	0.41497
0.52055	0.93795
0.48841	0.67385
0.6003	0.65171
0.65286	0.31699
0.54421	0.66566
0.67278	0.41574
0.53044	0.45003
0.48489	0.97822
1.2615	0.7263
0.96276	0.46783
0.53085	0.46161
0.99075	0.88414
0.85652	0.56942
0.73852	0.65605
0.70764	0.70587
0.48187	0.49867
0.67834	0.30766
0.61929	0.65459
0.60521	0.64811
0.37587	0.59277
0.25179	0.82118
0.53247	0.48223
0.32697	0.65308
0.54891	0.42523
0.53532	0.56674
0.41606	1.1244
0.22629	0.76001
0.3957	1.3617
0.37204	1.2557
0.70428	0.5819
0.48095	1.4118
0.26129	1.2054
0.39246	1.3169
0.53998	1.0975
0.60347	0.94373
0.23669	0.7511
0.50941	0.7817
1.0712	0.53189
0.64786	0.49431
0.64702	0.34504
0.6567	0.35667
0.65721	0.38425
0.75732	0.21808
0.68999	0.40254
0.50265	0.47546
1.4629	0.89093
1.2254	0.92432
1.138	0.68742
1.2006	0.59092
1.2179	0.72508
0.65725	0.31568
0.95467	0.19993
0.70958	0.3878
0.71282	0.29706
1.119	0.23426
0.65948	0.39204
0.8389	0.33746
0.89767	0.22352
0.67163	0.3209
0.95472	0.45756
0.95714	0.15749
0.5363	0.79112
1.0404	0.13985
0.98418	0.11835
0.84347	0.62057
0.68037	0.29126
0.69452	0.34929
0.87245	0.095296
0.80535	0.46149
0.78172	0.30446
0.90815	0.14462
0.69562	0.59829
0.88509	0.20028
0.68887	0.3356
0.82687	0.18587
0.86242	0.21881
1.0442	0.21244
1.0384	0.28651
0.72279	0.65905
1.0327	0.30876
1.1233	0.16598
0.92557	0.28486
1.2478	0.75026
1.3838	0.84131
1.3187	0.78598
1.6111	0.95039
1.3747	0.85517
1.3671	0.92085
1.3813	0.9545
1.1876	0.60343
1.4826	1.0491
1.2923	0.88161
1.4359	0.98213
1.1126	0.66471
1.4346	0.77248
1.2538	0.93403
1.1531	0.66889
1.2794	0.75942
1.2628	0.87134
1.3777	0.90433
1.4534	0.9028
1.2532	0.84437
1.1778	0.73686
0.52844	0.47387
1.109	0.75325
0.85366	0.55635
1.1616	0.94635
0.60404	0.36503
0.64313	0.32641
0.47841	0.52935
0.89735	0.11926
0.69353	0.54274
0.69015	0.74439
0.7597	0.57901
1.2693	0.93925
1.3336	0.90469
1.2033	0.73214
0.87595	0.52152
1.4618	1.1892
0.61986	0.44225
0.68715	0.78852
0.7177	0.84567
0.76472	0.7068
0.79694	0.77516
0.60159	0.4058
0.79732	0.75861
0.65913	0.6492
1.6959	1.5961
0.96887	0.45766
1.2655	1.0869
0.71385	0.86251
0.91841	0.63108
1.0243	0.43053
1.362	0.6383
1.2391	0.73994
0.71328	0.54032
1.7162	1.4681
1.9187	1.5015
0.18409	1.1348
0.12109	0.93073
0.42433	0.92087
0.21091	1.1115
0.40086	1.0784
0.88307	1.1778
1.7526	2.0507
1.7832	2.0467
2.0457	1.9347
1.9719	1.8539
1.2988	1.6543
1.4361	1.6726
0.74383	1.2772
0.64113	1.2662
0.31026	1.2619
0.29761	0.82777
0.40423	1.2698
0.34207	1.2226
0.19043	1.1267
0.21684	0.96567
0.23341	1.081
0.13577	1.0952
0.70922	0.94369
0.061808	0.94861
0.092458	1.0289
0.33367	1.0673
0.30004	1.1439
0.49373	1.4602
0.69419	1.6326
0.75259	1.6128
0.88719	1.6563
1.6267	1.7361
1.5922	1.2806
1.733	1.367
0.59674	1.1226
1.1093	1.7175
0.97274	1.558
0.80726	1.2624
0.48994	0.77346
0.59203	1.4756
1.2048	1.4912
1.4458	1.8284
0.53686	1.393
0.78284	1.3903
0.84382	1.5898
0.47886	1.439
0.79297	1.5171
0.68845	1.5358
1.1387	1.6968
0.9028	1.6442
1.2259	1.3079
1.1296	1.3085
0.58554	1.5147
0.59798	1.5518
0.56353	1.4966
0.43182	1.3485
0.15174	1.1156
0.5417	1.2846
0.41649	1.3072
0.36219	1.3174
0.47842	1.2512
0.36999	1.3063
0.43468	1.347
0.39465	1.3174
0.53643	1.3972
0.52535	1.3445
0.38729	1.2733
0.29294	1.1227
0.17119	1.1224
0.61252	1.305
0.37262	1.2819
0.46997	1.3591
0.70988	1.6495
0.55699	1.161
0.4916	1.4076
0.58043	1.5068
0.59687	1.3289
0.57964	1.5419
0.31631	1.2638
0.5077	1.3708
0.34487	1.2003
0.87525	1.3254
0.48858	1.3986
0.48389	1.357
0.55393	1.4214
0.22126	1.1886
0.43684	1.4039
0.63204	1.5809
0.47257	1.3911
0.61067	1.5655
0.65582	1.5431
0.79862	1.7026
0.95298	1.6018
0.77353	1.4805
0.64937	1.3766
0.82938	1.5274
0.86087	1.6415
0.88069	1.4757
1.2588	1.7925
0.80106	1.4336
1.0643	1.5249
0.43296	1.2302
1.0288	1.7331
1.1952	1.2171
0.37983	1.3432
0.55454	1.4373
0.27108	1.1469
1.1932	1.4988
0.43786	1.3898
0.45685	1.2924
0.42181	1.3206
0.59136	1.3963
0.60686	1.418
0.53007	1.3093
0.47544	1.2617
0.44338	1.0797
0.48771	1.3
0.41455	1.3081
0.33902	1.1629
0.70374	1.4997
0.78373	1.3091
0.35838	1.2506
0.37389	1.3163
0.31713	1.2152
0.60877	1.4286
0.73607	1.3488
0.40618	1.2208
0.32248	1.2272
0.39298	1.2797
0.51541	1.35
0.6289	1.4811
0.3553	1.2708
0.61432	1.5244
0.3743	1.1506
0.35863	1.1968
0.50071	1.3618
0.44449	1.2572
0.59946	1.4992
0.50092	1.3878
0.41184	1.3736
0.46479	1.4272
0.43397	1.3942
0.55431	1.4959
0.33665	1.3013
0.41855	1.3733
0.3729	1.3281
0.49465	1.4472
0.23732	1.1992
0.34909	1.235
0.4078	1.2808
0.42725	1.3151
0.45862	1.3276
0.54061	1.4841
0.5048	1.4634
0.54748	1.4689
0.43541	1.3709
0.65028	1.6152
0.6042	1.5705
0.73123	1.6979
0.4143	1.3584
0.3817	1.3166
0.47206	1.4347
1.2847	1.5051
0.47601	1.4433
0.62846	1.2567
0.86392	1.3568
0.83496	1.4733
0.86029	1.4234
0.80104	1.3866
0.34668	1.2619
0.38612	1.2822
0.33299	1.1392
0.33742	1.2321
0.49833	1.2388
0.50463	1.2149
0.61635	1.318
0.46002	1.2358
0.59371	1.5389
0.58381	1.5139
0.49755	1.3835
0.49715	1.3682
0.44459	1.3675
0.21298	1.1449
0.41953	1.128
0.53742	1.4642
0.49248	1.3175
0.2614	1.1816
0.21977	1.0913
0.74532	1.3777
0.28223	1.1476
0.57914	1.5462
0.57263	1.4283
0.74228	1.6415
0.36296	1.1631
0.43875	1.0502
0.44773	1.4148
0.42372	1.3196
0.57264	1.0418
0.54692	1.4198
0.44603	1.3615
0.73546	1.6231
0.43515	1.3871
0.56282	1.4917
0.36705	1.2765
0.30583	1.2543
0.49224	1.2896
0.32693	1.2942
0.53531	1.179
0.60189	1.3565
0.51011	1.3646
0.36817	1.3004
0.55979	1.3048
0.42794	1.3487
0.61376	1.2232
0.63563	1.4635
0.63849	1.5143
0.61448	1.3733
0.21406	1.1785
0.55211	0.90938
0.13511	0.99591
0.2277	1.1549
0.17078	0.85171
0.5568	0.86254
0.7861	1.2217
0.15783	1.0093
0.37541	0.84104
0.37094	1.2977
0.22633	0.91376
0.78579	1.5295
0.39753	1.2992
0.41376	1.131
0.50099	1.2987
0.58972	1.2819
0.58058	1.3945
0.19969	1.1593
0.57768	1.389
0.46319	1.2495
1.0484	1.381
0.63013	1.362
0.36475	1.3276
0.31892	1.2678
0.63724	1.5626
0.47623	1.4416
0.61743	1.5836
0.38883	1.3561
0.52045	1.4477
0.38673	1.2213
0.48862	1.3506
0.62682	1.2676
0.38187	1.3464
0.58382	1.3914
0.776	1.192
0.38992	1.2017
0.60622	1.4643
0.65086	1.4738
0.46291	1.1838
0.52912	1.4289
0.27868	1.2331
1.8709	1.5792
1.8312	1.6411
1.6013	1.7154
1.312	1.7813
1.3124	1.5581
1.552	1.8706
0.41256	1.1886
0.63064	1.3472
0.28846	1.1929
0.33809	1.054
0.52102	1.3556
0.49709	1.1928
0.57331	1.3402
0.63189	1.5844
0.49794	1.3478
0.87046	1.2585
1.2924	1.4198
0.39036	1.2837
0.058343	0.96175
1.3378	1.5571
0.70863	1.0212
0.67789	1.0978
0.035775	0.93364
0.34446	0.88537
0.35146	1.0334
0.20601	0.97312
0.059411	1.0133
0.39172	1.0875
0.11473	0.93024
0.36595	1.0198
0.42997	1.328
0.1645	1.0725
0.29717	0.89824
0.29775	0.99455
0.24143	1.1051
0.62068	1.0302
0.081224	1.0483
0.16576	1.0126
0.25756	0.71613
0.2953	0.88537
0.15449	1.0628
0.35596	1.1434
0.026956	0.99404
0.074412	0.96794
0.070198	0.95664
0.24331	0.98901
0.58193	0.90406
0.22206	0.95101
0.22403	0.99103
1.8749	1.8162
1.5255	1.7703
0.64237	1.5294
1.1809	1.9664
1.2968	2.0431
1.2634	1.8237
0.31162	1.279
0.60051	1.5584
0.57389	1.5383
0.65395	1.5923
0.46736	1.4347
0.50082	1.4672
1.0256	1.6489
1.1372	1.5401
0.29443	1.2561
0.40748	1.3736
0.41624	1.3833
0.44033	1.3999
1.0175	1.9761
0.73008	1.6974
0.45453	1.4202
0.13591	1.1032
0.11148	0.89082
0.60604	1.3537
0.16354	1.0794
0.12726	0.84204
0.3203	1.2616
0.19961	1.1607
0.17621	0.79349
0.5564	1.0909
0.33219	1.2436
0.042075	1.0055
0.33329	1.2266
0.2393	0.84329
0.087749	1.0426
0.16676	0.84906
0.17632	1.1398
0.15163	0.84514
0.26578	1.2236
0.24342	1.2057
0.13908	1.0876
0.027638	0.94266
0.17986	1.0622
0.29343	1.1678
0.19956	1.0716
0.18811	1.1429
0.16458	0.85776
0.23062	1.0899
0.33486	1.219
1.549	1.2458
1.305	0.73926
1.3949	0.9634
1.4264	1.0109
0.85168	1.7116
0.92845	1.4684
1.1843	2.0526
0.88822	1.4368
0.87394	1.5571
0.78586	1.5874
0.4204	1.3189
0.30614	1.2295
0.71336	1.6704
0.72662	1.694
0.73397	1.6983
0.34384	1.2811
0.67801	1.6113
0.54976	1.4904
0.61554	1.5469
0.69326	1.6541
0.68834	1.6412
0.76779	1.7337
0.35408	1.3188
0.33322	1.1957
0.45477	1.4188
1.2521	2.1425
1.0373	1.6857
0.76158	1.5508
1.0158	1.5932
1.4442	1.7432
1.6097	1.4217
1.9089	1.7269
1.7694	1.625
1.8319	1.6442
1.9447	1.7446
1.9158	1.7143
1.53	1.3661
1.6743	1.6229
1.8721	1.7365
1.7825	1.6242
1.7074	1.6283
1.8368	1.7616
1.6876	1.5787
1.7835	1.6373
1.8639	1.7432
1.6784	1.5712
1.7105	1.6247
1.8037	1.7064
1.5054	1.3863
1.6378	1.5508
1.9339	1.7921
1.6627	1.7388
1.8732	1.7016
0.7403	0.86295
0.90922	0.87102
1.7775	1.7035
1.8667	1.7099
1.7914	1.622
1.5049	1.1088
1.9278	1.8262
1.9618	1.8128
1.8134	1.6559
1.694	1.5631
1.83	1.6708
1.8238	1.713
1.9648	1.9498
1.5168	1.0531
1.5573	1.1982
1.2049	1.0103
1.9759	1.8271
1.9741	1.8045
1.6178	1.4553
1.7389	1.5427
1.7691	1.6072
1.8823	1.8267
1.8934	1.7743
1.7407	1.6195
1.8667	1.7033
1.9406	1.8932
1.9416	1.881
1.8915	1.8556
1.8765	1.7083
1.7753	1.6399
1.794	1.6471
1.9273	1.7486
1.8127	1.7107
1.9339	1.8431
1.7265	1.6606
1.6398	1.2384
1.9428	1.7809
1.5988	1.5324
1.9692	1.8158
1.8018	1.724
1.8692	1.7225
1.9533	1.8703
1.7254	1.3267
1.4735	1.0516
1.5262	0.92476
2.0009	1.9149
1.0326	0.44524
1.7003	1.6472
1.9379	1.739
1.7497	1.62
1.836	1.7058
1.8155	1.6567
1.8495	1.7302
1.8955	1.8008
1.8932	1.8029
1.732	1.4391
1.6495	1.3502
1.918	1.7344
1.3319	0.7588
1.4029	0.89647
1.6209	1.0956
1.7054	1.1861
1.7353	1.3207
1.6199	1.2418
1.426	0.8558
0.37476	1.1143
0.6408	1.4784
0.43891	1.3343
0.16116	1.1284
0.72674	1.4854
0.40261	1.3385
0.32208	1.2878
0.67352	1.5218
0.25302	1.096
0.36787	1.2471
0.56807	1.485
0.28844	1.0962
0.59075	0.94698
0.65569	1.0567
0.67425	1.0721
1.5581	1.4149
1.2037	1.1065
0.66372	1.1094
0.65723	1.0927
1.2284	1.2403
1.3768	1.2463
1.6369	1.4806
1.5129	1.543
1.4601	1.1857
1.4896	1.4692
1.4151	1.4341
1.9228	1.826
1.3427	1.1989
1.2092	1.5021
1.264	1.1875
1.7806	1.6491
1.2866	1.1429
1.0428	1.5597
1.5457	1.5386
1.2342	1.3062
1.2825	1.3422
1.3991	1.2917
1.1605	1.2229
1.3047	1.0956
1.5093	1.4931
1.4251	1.5897
1.7423	1.8278
1.553	1.3984
1.279	1.1605
1.2959	1.177
1.466	1.4023
1.4486	1.545
1.3984	1.1602
1.7515	1.577
1.8489	1.9089
0.94924	1.2211
1.4312	1.4535
1.1251	1.6421
1.4403	1.3541
1.5896	1.3678
1.4528	1.4127
1.4063	1.2609
1.4275	1.3088
1.9085	1.898
1.5805	1.5854
0.6749	1.5938
0.89724	1.4607
1.2479	1.7293
0.88542	1.4976
1.7023	1.7184
1.4636	1.2866
1.5673	1.6371
1.3244	1.2891
1.4663	1.529
1.4039	1.4015
1.4678	1.303
1.4266	1.3631
1.8356	1.6708
1.3467	1.4988
1.6721	1.4458
1.7144	1.5154
1.5037	1.3498
1.9995	2.1084
1.3173	1.273
1.7642	1.6757
1.202	1.0471
0.83899	1.5266
0.86732	1.6052
0.67096	1.4713
1.0177	1.5558
1.2925	1.552
1.0052	1.7077
0.93601	1.6135
1	1.6341
1.0234	1.7431
0.98623	1.7028
0.63434	1.4823
0.75654	1.462
1.1115	1.7328
0.9318	1.7117
1.7707	1.9705
1.7837	2.0027
2.0026	2.1433
2.128	2.2282
2.0123	2.026
1.9676	1.9856
2.0583	2.0791
1.183	1.7959
1.1092	1.6754
0.97937	1.5842
1.0698	1.7623
1.1197	1.8074
1.8566	2.0654
1.6924	1.8947
2.0351	2.1205
1.4969	1.4338
0.92275	1.5915
0.97171	1.6613
1.037	2.0035
0.57618	1.4988
0.67161	1.6239
1.2303	1.3261
0.60329	0.78295
0.31236	0.88866
0.48673	0.76151
0.4657	0.89222
0.37808	0.73428
0.38105	0.7307
1.257	0.81007
0.39432	0.57358
0.52533	0.44255
0.47289	0.77068
0.52568	0.50744
0.40147	0.7427
0.51964	0.5572
1.082	0.71303
0.31757	0.68294
1.1368	0.81034
0.7233	0.66922
1.1101	1.2556
0.60005	1.4296
1.1897	0.99272
0.41446	0.69036
0.13312	0.83762
0.49116	1.0427
0.99271	1.3825
0.92355	1.1575
1.0465	1.4897
0.89512	0.77757
0.60151	1.5607
0.39886	1.2112
0.34958	1.3151
0.3761	1.3431
1.0513	1.0007
0.91049	0.8805
0.56744	0.84668
0.39966	0.86895
0.71343	1.1592
0.21132	1.1367
0.53143	1.3946
0.53736	0.96012
0.91747	0.98231
0.93659	0.91568
1.0989	0.84252
0.47016	0.66811
1.1831	0.86254
1.0085	1.6429
0.97649	1.0296
0.79898	0.77722
1.1677	1.1172
1.0085	1.0258
0.47711	0.92512
1.3727	1.2148
0.85627	0.55597
1.2818	1.4438
1.3217	1.19
1.004	1.1742
1.1312	1.0889
1.2847	1.2321
0.81051	0.98492
0.84823	1.0414
0.92287	1.1535
0.9238	0.9504
0.78233	1.0562
1.2455	1.501
0.85635	0.99281
0.51925	0.87149
0.35831	1.0306
1.2363	1.2794
0.51713	1.2611
0.99054	1.6693
0.9327	1.2308
0.88494	1.3743
1.1954	1.1894
1.0308	1.4185
1.1091	0.74913
1.199	1.3145
1.1854	1.1973
1.4531	1.2572
0.98754	0.99354
0.80258	1.0289
0.65706	1.3818
0.83417	0.83232
0.53783	1.0246
0.48519	1.287
0.42024	1.3088
0.68622	1.2961
0.77787	0.76792
1.0867	0.97512
0.84963	0.92489
0.92188	1.0217
1.1194	1.1906
1.0201	0.9135
0.86447	0.76659
1.221	1.0622
1.0742	1.2353
1.0849	0.89476
1.1516	1.0272
1.0159	1.0347
0.90613	0.97032
0.84319	0.83673
1.314	1.4006
0.90631	1.0905
1.0927	0.85319
1.1305	1.1024
0.86132	1.0319
0.8931	0.94126
1.0011	1.22
1.2369	1.1276
0.88006	1.077
1.1063	1.3256
0.29211	1.0551
0.44937	1.1579
0.29176	1.0816
0.24008	1.0594
0.17516	1.114
0.28978	1.0093
0.51251	0.48113
0.16887	0.99141
0.41962	0.57628
0.45774	0.50973
0.58561	0.4683
0.66686	0.45505
0.32717	0.70885
0.71816	1.1375
1.4234	1.2691
1.3989	1.3091
1.1366	1.2238
1.2047	1.3117
0.93872	1.4455
1.076	1.2205
0.68472	1.3654
0.89174	1.0773
1.1642	1.1996
0.67079	1.5399
0.15276	1.0294
0.26838	1.2327
0.26912	1.2077
0.64574	1.5898
0.58994	1.3873
0.4013	1.3283
0.61885	1.5113
0.58963	1.2575
1.0795	1.0982
0.80276	1.0438
0.845	1.0552
0.71605	1.1715
1.0183	1.6903
0.93989	1.5572
0.77809	1.6382
1.0039	1.6424
1.1407	1.6583
1.0273	1.5908
1.5938	1.6166
1.5664	1.6918
1.5791	1.7466
1.5307	1.6193
0.89692	1.1673
0.51263	0.79899
0.86379	1.0273
0.47743	0.76174
0.73026	1.0076
0.47051	0.98638
0.023768	0.94393
0.67855	0.95424
0.54927	0.79648
1.6546	1.4504
0.57785	0.77845
0.52079	0.88367
0.58758	0.81715
0.85324	1.0179
0.28736	0.86048
0.62686	0.91433
0.60477	0.88857
0.7186	0.91816
0.17167	1.1174
0.53715	0.91152
0.079683	1.0448
0.62599	1.1108
0.47039	1.3879
0.66953	0.994
0.55673	1.0852
0.54407	0.77745
0.68084	0.93616
0.71268	1.1168
0.67777	1.1385
0.56083	1.09
0.30446	0.69005
0.6016	0.95363
0.41938	1.2349
0.29894	1.2539
0.36434	0.87715
0.51623	1.1946
0.56146	1.1653
0.4008	0.9874
0.48252	0.94933
0.61529	1.1801
0.58102	1.0936
0.58811	1.1691
0.67804	0.99872
0.59244	0.8487
0.43618	0.72306
0.6186	0.92826
0.76648	0.95782
0.22137	0.75071
0.84552	1.1777
0.82507	1.089
0.43702	0.93713
0.41046	0.7734
0.45757	0.87041
0.50433	0.74102
0.53575	0.84557
0.70501	0.89103
0.42012	1.3373
0.60324	1.5171
0.67507	1.6351
0.2038	1.1145
0.12595	1.0917
0.19744	1.142
0.73972	1.6785
0.3319	1.2107
0.821	0.93099
0.71269	0.81827
0.59025	0.90945
0.51468	0.77926
0.12987	0.9402
0.47993	1.0412
0.29036	1.1756
0.15063	1.1142
0.82421	0.66722
0.11311	0.85462
0.37925	1.3351
0.51281	1.1837
0.38617	0.61093
1.0905	0.94812
1.6322	1.2543
1.7706	1.5131
1.7045	1.3722
1.4224	1.0977
1.6352	1.2676
1.4389	1.121
1.4319	0.97884
1.3905	1.0088
1.4885	1.1256
1.7123	1.4586
1.6607	1.2747
1.138	1.4394
0.61307	1.4167
0.71083	1.4134
1.1643	1.8972
0.36545	1.0816
0.59942	1.5511
0.62126	1.5353
0.98292	1.1611
0.81591	1.0442
1.1713	1.2179
0.8773	0.87339
0.94412	1.3435
0.62841	1.5536
0.69842	1.6392
0.61594	1.5601
0.495	1.3105
0.55672	1.3648
0.49689	1.4414
0.38454	1.3513
0.36754	1.2612
0.1212	1.069
0.11465	1.0731
0.35722	1.3192
0.61558	1.4918
0.52308	1.3157
0.24172	1.0024
0.18708	0.99478
0.6623	1.4658
0.13082	0.97396
0.38137	1.2893
0.51648	1.4042
0.41645	1.3147
0.70708	1.5693
0.6304	1.4792
0.3647	1.298
0.18003	1.1347
0.24996	1.2049
0.037247	0.97164
0.35005	1.2238
0.25362	1.2063
0.70091	1.5749
0.26116	1.226
0.10011	1.0327
0.51625	1.379
0.68936	1.5503
0.124	1.0755
0.49239	0.87152
0.73497	0.92369
0.44649	1.037
0.5738	1.1444
0.6703	0.99446
0.30802	0.81228
0.37609	0.66307
0.59485	0.71326
0.49583	1.0132
0.71796	1.1673
0.72541	1.1955
0.72599	1.1923
0.50554	0.83717
0.47713	1.0614
0.68562	1.1339
0.63651	1.0774
0.70078	1.183
0.55353	1.0395
0.64484	1.1669
0.62827	1.1644
0.63899	0.98066
0.61672	1.1531
0.72661	1.1529
0.35846	1.3122
0.15316	0.83235
0.80942	1.045
0.56696	0.98637
0.70482	0.99389
0.28612	0.88749
0.42683	0.89619
0.38194	0.96862
0.43582	0.91779
1.4416	1.0528
1.7637	1.4449
1.1026	1.3183
0.54211	1.054
0.2053	1.0254
0.78016	1.2162
0.56361	0.75934
0.16953	0.80001
1.4918	1.1502
1.0456	1.1492
0.67156	1.1386
0.26352	0.95637
0.42935	0.9728
1.7445	1.2688
0.98524	0.51474
1.2947	0.69855
1.426	0.96494
1.1943	0.70576
1.621	0.93336
0.12138	0.93194
0.63811	0.36677
0.70619	0.29747
0.66079	0.93681
0.60993	0.7212
1.2931	1.1817
0.62218	0.51675
0.73329	0.88612
1.2217	0.72363
0.82198	0.57104
1.5779	1.0168
1.2028	0.78678
1.1328	0.77928
1.6055	1.29
1.6333	1.0312
1.2099	0.87053
1.5127	1.0114
1.3063	0.79977
0.52872	0.5305
0.48475	0.69436
0.67035	0.52632
0.59551	0.84746
1.3931	0.78655
1.1278	0.55492
0.6847	0.63236
0.96378	1.1912
1.8098	1.404
1.2275	1.0504
1.4368	1.1716
0.5451	0.68722
1.0194	0.2114
0.6497	0.58512
0.43453	0.53637
0.755	0.32325
1.1187	0.86814
1.1995	0.7358
1.2093	0.89551
0.76182	0.41113
0.49287	0.51515
1.2236	0.9713
1.2067	1.0165
1.4907	1.1233
0.87237	0.40251
0.52903	0.88163
1.7836	1.479
0.92188	1.4703
0.43405	1.0082
0.68212	1.1773
0.46646	1.1098
0.59899	0.88008
0.082822	1.0148
0.28312	0.87271
1.7165	1.8872
0.78638	1.2721
1.7011	1.3055
0.91826	0.64576
1.355	0.95717
1.7063	1.3279
1.5955	1.1397
1.6427	1.1949
0.47301	0.82663
0.5642	0.93607
0.96423	1.2535
1.6489	1.2466
1.5589	1.1115
1.5417	1.0051
1.3272	0.80016
1.3646	1.0771
0.16876	0.87936
0.24222	1.0993
0.64395	0.95556
0.61125	0.88614
0.47457	0.91337
0.33162	1.2484
0.15906	1.055
0.53943	0.90714
0.70749	0.85859
0.13494	1.0753
0.20311	1.1288
0.10349	0.86445
0.86755	1.3259
0.17525	0.9406
0.70979	1.3381
0.17836	1.0719
0.30654	1.1477
0.36695	0.98803
1.4333	1.7526
1.9177	1.734
0.14593	1.0766
0.17059	1.1379
0.66696	1.2296
0.91869	1.3589
1.5643	1.3845
1.9125	1.7401
2.0354	1.9975
1.7028	1.5269
1.0863	0.71285
1.1866	0.89434
0.7543	1.1914
0.60576	1.5657
0.67574	1.0733
0.65675	1.6059
0.22649	1.1901
0.58656	1.552
0.44162	1.4059
1.0321	1.7027
1.0017	1.6829
1.0821	1.735
1.1504	1.7593
1.175	2.1129
0.81064	1.775
0.67979	1.6242
0.59946	1.2705
0.54078	1.4404
1.2636	1.618
0.33303	1.2954
0.53184	1.4937
0.52015	1.4789
0.42998	1.3959
0.61293	1.5551
0.56317	1.5282
0.27072	1.104
0.64622	1.6024
0.67155	1.6388
1.0309	1.9388
1.1334	1.5571
1.3961	1.9871
1.4419	1.8839
1.4637	1.5157
1.6222	1.9048
0.80399	1.4106
1.0514	1.8227
1.0049	1.8101
1.3431	2.1356
0.7635	1.6623
0.61146	1.5248
1.1051	1.904
0.96343	1.813
1.1332	1.9665
1.075	1.8885
1.0166	1.8122
1.2797	2.041
0.52425	1.4628
0.96964	1.8276
1.4123	2.1404
1.1901	2.0041
1.188	2.0076
1.1753	1.9682
1.4106	2.2402
1.0221	1.7097
1.1708	1.9154
1.0132	1.6961
1.2681	2.093
1.3377	2.2086
1.0763	1.9144
1.0019	1.8176
1.2273	2.0135
1.0245	1.8313
0.59006	1.3152
0.49322	1.3605
1.3209	2.0141
0.58123	1.397
0.38382	1.2199
0.33563	1.1773
0.41202	0.83917
0.38248	1.346
0.33787	1.289
0.49977	0.98425
0.0198	0.96904
0.26828	1.1364
0.3024	1.2447
0.40526	1.3204
0.33176	0.99903
0.22007	0.92666
0.8676	1.0959
0.49474	0.65719
0.55808	1.4216
0.17006	1.1356
0.23903	1.203
0.076817	0.92212
0.60931	0.78928
0.58291	0.88821
0.17313	0.95697
0.39778	1.1411
0.26575	0.97669
1.0826	1.3427
0.93895	1.3288
1.2052	1.4957
1.0196	1.2506
0.93477	1.7446
0.55376	1.4287
0.93845	1.1988
0.65366	1.4427
1.1607	1.4629
1.7134	1.4434
1.4945	1.0936
1.9864	1.7806
1.917	1.7183
1.8868	1.668
0.62313	0.93432
0.93421	0.28459
0.66555	1.1039
0.080956	1.0214
0.10938	0.99095
0.10255	0.9544
0.26764	1.2345
0.28415	1.2043
0.28668	1.1969
0.11199	0.8956
0.4047	1.3137
0.4394	1.332
0.38149	1.2057
0.28118	1.2469
0.35337	1.179
0.32536	1.253
0.51611	1.445
0.26538	1.2316
0.80048	1.5078
0.82301	1.6751
0.8721	1.6321
0.5165	1.3961
0.24826	1.068
0.10673	0.87891
0.83257	1.2046
0.11043	1.045
0.13264	1.0798
0.33227	1.2983
0.045758	0.92218
1.5325	1.782
0.62135	1.0704
0.6813	1.1967
0.45342	1.3504
1.3858	1.629
0.34396	1.2759
0.14764	1.0378
0.034502	0.96613
0.41255	1.2834
0.48281	1.3532
0.3423	1.2718
0.062721	0.95328
0.090844	1.0478
0.52498	0.83885
0.72662	1.0227
0.6832	0.84213
0.074783	1.0043
0.90796	1.0137
0.066473	0.95729
0.093192	0.94484
0.35246	0.98429
0.76256	0.6707
0.17171	1.0429
0.042974	0.95512
0.3887	0.92333
0.50598	0.96162
0.071535	0.98353
0.64332	0.89521
0.52779	1.0176
0.58169	0.89863
0.19322	1.0442
0.68346	1.0306
0.085557	0.93474
0.1577	1.0172
0.15995	1.1264
0.42056	1.2624
1.0807	1.5102
0.34679	0.83948
0.30689	0.68822
0.26843	0.89182
0.076974	0.98967
0.048407	0.92035
0.13097	1.0421
0.12079	0.94026
0.051177	1.015
0.36631	1.0916
0.21011	1.0619
0.5144	1.243
0.20216	1.0767
0.14061	0.97652
0.085537	1.0447
0.12837	0.93068
0.37441	1.3267
0.42991	1.0417
0.23582	0.90354
0.087636	0.93727
0.068775	1.0343
0.19325	0.81999
0.352	0.90977
0.12291	1.0754
0.099954	0.87293
0.29833	1.1066
0.22717	0.95717
0.10274	1.0374
0.2167	1.0183
0.46416	1.2615
0.18337	0.80539
0.16809	0.89243
0.2736	1.215
0.14437	0.9737
0.088237	1.0556
0.026855	0.9697
0.27028	0.96601
0.10801	0.94617
0.54997	0.96539
0.11741	0.9742
0.17556	1.1155
0.26	0.86703
0.25495	0.88529
0.55894	0.99163
0.69355	0.75775
0.059319	1.0188
0.57233	1.0738
0.60429	0.9773
0.41749	0.74062
0.3689	1.2501
0.37252	0.90836
0.29262	1.0282
0.37822	1.0158
0.52059	1.0554
0.55501	0.96497
0.48345	1.0102
0.49952	1.0303
0.23298	0.98262
0.40046	0.98918
0.46795	1.0152
0.47249	0.94036
0.31705	0.9857
0.33701	0.96242
0.3254	0.66221
0.33292	0.89402
0.2598	0.90802
0.35099	0.83024
0.4131	0.97428
0.50842	1.1215
0.45934	1.2122
0.42187	1.1952
0.39935	1.1775
0.57709	0.94911
0.48293	1.2188
0.49835	0.95305
0.35714	1.0269
0.49954	1.1526
0.50079	1.0977
0.58634	1.2313
0.53847	0.95721
0.60224	1.0056
0.47723	0.90728
0.24747	1.032
0.49837	1.1841
0.32919	1.0684
0.12507	0.97139
0.36478	0.90922
0.54945	1.0646
0.42176	1.0403
0.34867	1.0589
0.44016	0.80444
0.46327	1.2063
0.89967	0.54271
0.85247	0.61881
0.2787	0.68933
1.4144	0.85279
1.1854	0.68262
1.477	1.2394
1.2425	0.82086
1.5672	1.0695
0.49991	0.88065
0.51273	1.0408
0.4029	1.0594
0.28755	0.90536
0.39039	0.97745
1.1373	0.73935
0.3843	0.61568
1.3931	0.66031
1.0349	0.16892
1.3071	0.47559
1.1727	0.63216
1.0766	0.13315
0.86925	0.10009
1.0046	0.052969
1.0955	0.17423
1.0336	0.19319
1.2192	0.3209
0.9137	0.21179
1.1469	0.22236
0.8565	0.17171
1.1927	0.23255
1.0324	0.080386
1.1853	0.3315
0.9779	0.16799
0.91241	0.0568
1.0819	0.14731
0.5822	0.40173
0.8018	0.17613
0.89093	0.085203
0.68063	0.29317
1.0484	0.097036
0.86199	0.14418
0.81438	0.17525
1.0868	0.23254
0.83429	0.1651
1.0012	0.068823
0.98294	0.019706
1.1196	0.17343
1.1572	0.20463
1.1276	0.17985
0.87249	0.1242
1.2584	0.37936
1.043	0.13005
1.0149	0.049522
1.01	0.1151
1.0772	0.17847
0.89323	0.098114
0.99548	0.041188
0.89837	0.12721
1.0581	0.11097
0.94305	0.073749
0.98898	0.023421
1.1405	0.17305
0.90665	0.30423
1.1085	0.3309
1.206	0.29576
1.1593	0.19909
1.0533	0.086702
1.1616	0.32835
1.0486	0.18859
0.86133	0.41796
1.2057	0.46944
1.0423	0.074945
1.0996	0.17642
1.0502	0.27543
1.0682	0.28335
0.64866	0.37263
0.90953	0.21587
0.95387	0.23705
1.0681	0.14714
1.0044	0.1153
1.2608	0.38715
1.1832	0.30048
1.107	0.16756
1.1398	0.18626
0.97867	0.066586
1.1121	0.20211
1.005	0.11126
1.1506	0.20832
0.90578	0.16916
0.75137	0.21976
0.56613	0.48112
0.88323	0.099896
0.5606	0.47396
1.1163	0.4167
0.75345	0.21984
1.1467	0.21649
1.0163	0.20867
1.2123	0.28824
1.0825	0.11708
0.91375	0.14007
0.76827	0.23308
0.95047	0.141
0.91577	0.056061
1.0403	0.084093
0.71779	0.25384
0.72666	0.25745
0.97975	0.39543
0.70425	0.27349
0.60261	0.36675
0.90831	0.063138
0.99147	0.064661
1.0119	0.053335
1.0352	0.087109
1.1639	0.22689
1.1374	0.18108
0.98874	0.1276
1.2131	0.3947
0.95816	0.22056
1.0194	0.052036
1.1046	0.1379
0.9348	0.062253
1.1823	0.28238
0.94843	0.1608
1.107	0.14221
1.0019	0.042283
1.0033	0.044624
0.96214	0.078986
0.84269	0.24726
0.85353	0.18908
0.67247	0.43054
0.52357	0.63989
0.61838	0.54238
0.74741	0.22369
0.96749	0.4159
0.9997	0.12966
0.86404	0.29066
1.2504	0.37745
1.1338	0.1664
0.79469	0.21565
0.95299	0.052557
1.0836	0.11739
0.59346	0.40639
1.1152	0.19943
1.1733	0.23865
1.0899	0.16633
1.1501	0.24771
0.67975	0.5431
1.2133	0.28197
0.6222	0.38169
1.051	0.097413
1.1663	0.27823
0.67921	0.45453
0.73453	0.24043
1.0315	0.12578
1.2897	0.50075
1.0011	0.20887
1.0441	0.14428
1.1041	0.14102
0.9383	0.030422
1.1575	0.19054
0.81993	0.27649
0.86996	0.13424
1.0129	0.085264
1.0189	0.20636
0.94694	0.21057
0.8845	0.15126
0.84826	0.27395
0.91796	0.32558
0.91171	0.34244
0.64511	0.36383
1.0358	0.16988
0.92372	0.33929
0.73282	0.25958
0.91406	0.14706
1.0693	0.15562
0.82121	0.18391
0.73833	0.24973
0.85685	0.2023
0.83827	0.2117
0.96468	0.075017
0.69789	0.38275
0.89679	0.27321
1.0711	0.10634
0.98182	0.015693
1.1211	0.19359
0.98409	0.049379
0.88523	0.11511
1.009	0.064551
0.83635	0.37091
0.7621	0.26816
1.1027	0.19267
1.0318	0.072071
1.0918	0.23418
1.2109	0.24937
0.57733	0.78064
0.9981	0.037752
0.86004	0.21211
1.1136	0.15253
1.148	0.24638
0.97773	0.24984
0.92166	0.047767
0.62207	0.56676
0.92174	0.20008
0.79912	0.17896
1.1239	0.2991
0.9466	0.07313
1.1148	0.14972
1.1671	0.22703
0.98395	0.016549
0.78444	0.3037
0.90853	0.088002
0.91658	0.050986
0.76943	0.39054
0.78891	0.44645
0.93419	0.20444
0.85806	0.12071
0.9038	0.33243
0.69872	0.30379
0.98097	0.17001
1.0026	0.095665
0.85159	0.12062
0.80241	0.28184
0.56495	0.51028
0.93997	0.075908
0.98545	0.27824
0.88258	0.091382
0.97943	0.01319
0.8234	0.1613
0.76011	0.27311
0.83348	0.22139
0.63119	0.3426
1.1002	0.14446
0.87436	0.15786
1.2055	0.44463
0.82	0.17015
0.75623	0.30619
0.88328	0.18601
0.94509	0.047862
0.85338	0.20228
0.83548	0.16447
0.88748	0.11042
0.99683	0.044318
1.0711	0.13164
0.81872	0.18411
0.76355	0.26934
0.55231	0.49303
0.81168	0.16817
0.75304	0.21563
0.85443	0.3287
0.40879	0.55861
0.86868	0.10033
0.93761	0.34922
1.042	0.36139
0.97467	0.026673
0.92538	0.26047
1.0029	0.22529
0.74835	0.32369
0.71315	0.54869
0.40114	0.59248
1.0692	0.49866
1.0214	0.47653
0.97925	0.33694
0.75049	0.34123
0.90025	0.24956
1.0722	0.5587
0.57842	0.63474
1.0216	0.4216
0.65369	0.41881
0.78256	0.42902
1.039	0.85875
0.75507	0.4768
0.79275	0.44146
1.0297	0.62948
0.20679	0.78192
0.21746	0.98416
0.30832	1.2629
0.19989	0.91737
0.35006	0.86212
0.10186	1.0508
0.25014	0.99055
0.36227	0.94112
0.3024	0.95655
0.72542	1.2432
0.28496	1.1246
0.11792	0.89256
0.30951	0.95873
0.053353	1.0027
0.15411	0.86705
0.32177	1.2655
0.19536	0.90438
0.27499	1.0903
0.25296	1.1085
0.091279	0.92378
0.087993	0.88238
0.47293	1.0421
0.19286	0.79344
0.24272	0.92617
0.1124	1.015
0.0074818	0.97428
0.13083	0.84083
0.15936	0.88013
0.10507	0.97277
0.17761	0.78984
0.20337	0.78755
0.042902	0.92502
0.69961	1.2363
0.41483	1.2156
0.56127	1.0052
0.23747	1.0333
0.097626	0.91541
0.30068	0.99976
0.27308	0.80961
0.1278	1.0929
0.25961	1.2236
0.33414	1.2108
0.27465	1.0059
0.26833	1.0852
0.30002	0.99651
0.08913	0.97522
0.28973	1.1388
0.23395	1.1007
0.24844	0.83113
0.29793	0.96952
0.1911	0.9092
0.22021	0.84193
0.44521	1.1461
0.22898	1.1313
0.55939	0.71838
0.14988	0.8517
0.11662	1.027
0.26568	1.1454
0.29382	0.90317
0.30228	1.0937
0.0022805	0.9692
0.077142	1.0384
0.077898	1.0429
0.23108	1.0651
0.33113	1.0803
0.17149	1.0518
0.055528	0.91542
0.27384	0.86199
0.17841	1.0006
0.17581	1.0463
0.24737	0.86696
0.035196	0.99906
0.33274	1.2143
0.50807	1.1428
0.15271	1.019
0.053488	0.9962
0.12767	1.0384
0.18665	1.0717
0.29783	1.0534
0.32798	1.1634
0.11743	0.88634
0.48088	1.008
0.17002	0.8643
0.30031	1.2494
1.3959	1.2365
0.14106	0.84483
0.30132	1.0087
0.15816	1.082
0.13799	1.0065
0.099354	0.92308
0.44148	0.71567
0.14316	0.98358
0.046734	0.92778
0.31771	0.88425
0.35219	0.81754
0.15374	1.1104
0.12555	1.0197
0.27904	0.81934
0.15664	0.88704
0.11967	1.084
0.10285	1.0221
0.19215	1.0098
0.22045	0.80529
0.057256	0.95091
0.29126	1.1877
0.31356	1.0635
0.4232	0.9961
0.18035	1.1179
0.23748	1.1245
0.04817	0.98177
0.37439	1.3369
0.32092	1.112
0.33234	1.0267
0.12149	1.0888
0.37757	1.168
0.11114	0.87806
0.22096	1.0743
0.2376	0.96368
1.29	1.1932
0.30504	1.1116
0.19997	0.79072
0.11341	0.90104
0.26004	0.81747
0.055316	0.93999
0.4438	1.0014
0.73724	0.91758
0.50327	0.87989
0.59129	1.1086
0.50893	1.1573
1.3611	0.71031
1.3305	0.74422
1.1337	0.77819
1.4572	1.3347
0.10306	0.97549
0.49011	1.0106
0.3943	1.0235
0.7687	1.5831
0.55507	1.5207
0.6843	1.3974
0.69256	1.3718
0.34874	0.8683
0.91015	1.4053
0.31186	1.0399
0.53706	1.175
0.68053	0.77346
0.44224	1.3833
0.18458	1.0652
0.30735	1.144
0.26255	1.0056
0.20705	1.032
0.18582	1.142
0.19583	1.041
0.10885	0.88653
0.10346	1.07
0.20943	0.89743
0.070974	0.91918
0.44008	1.272
0.17652	0.91118
0.15721	0.94769
0.10054	1.0524
0.17418	0.9029
0.48297	1.2437
0.1136	0.91955
0.035427	0.98158
0.097733	0.89889
0.074271	0.9204
0.26622	1.1557
0.37553	1.3077
0.074841	1.0354
0.17557	1.1343
0.28932	1.0323
0.58389	0.90067
0.51691	1.0731
0.49874	1.1198
0.26991	1.0029
0.46066	0.98421
0.74912	1.0928
0.43857	0.93816
0.35665	0.90288
0.34075	0.94691
0.47652	1.017
0.45868	1.211
0.53475	0.96214
0.21184	0.90349
0.074573	0.91022
0.24097	0.74439
0.46983	1.0263
0.34576	1.0468
0.23904	0.83876
0.38681	0.83128
0.33136	1.0232
0.5184	0.95765
0.51567	1.0439
0.47008	1.0008
0.46994	0.98508
0.21129	1.0368
0.67049	1.0561
0.22788	0.99838
0.58186	1.3162
0.17183	1.0797
1.3207	1.0119
1.3002	0.7094
1.2213	0.62108
0.52624	1.1601
0.41264	0.8869
0.38511	0.9599
0.57899	0.95906
0.2819	0.86348
0.10864	0.94286
0.16819	1.097
0.52391	0.87964
0.59473	1.0759
0.25508	1.0303
0.25414	0.73552
0.28458	0.96388
0.49141	1.0286
0.55373	1.0312
1.1177	0.84009
0.46667	0.92628
0.30101	1.1087
0.096732	0.95325
0.50108	1.0222
0.16255	1.066
0.18059	1.1337
0.63087	0.93098
0.59235	1.0469
0.37187	0.98329
0.6017	1.0814
0.27757	0.72638
0.30845	0.96583
0.46206	0.95813
0.31696	0.66775
0.38831	1.0083
0.49741	1.2493
0.42063	1.0248
0.37318	0.94731
0.52487	1.1115
0.085512	1.0172
0.33047	0.83486
0.62961	1.0684
0.31416	1.0107
0.45283	0.9667
0.44114	1.199
0.51892	1.0717
0.48476	0.84704
0.51432	1.0527
0.22485	0.7701
1.2249	1.0095
0.71156	0.90636
0.86318	1.008
0.05003	0.92507
0.3455	1.0133
0.41371	0.75606
0.50561	1.0583
0.49615	0.88309
0.021423	0.96113
0.38891	1.3054
0.13174	1.0553
0.14526	1.1083
0.6144	1.3796
0.30811	1.1091
0.45054	1.2567
0.58736	0.98899
0.50321	1.1305
0.50308	1.0496
0.18495	1.1465
0.34626	0.85347
0.28996	0.8695
0.12482	1.0028
0.28703	1.0172
0.30188	1.0125
0.44467	0.66705
0.084574	0.93293
0.3042	1.1075
0.071281	0.90055
0.12925	1.0375
0.43633	1.0807
0.39986	0.92759
0.41121	1.0238
0.24485	0.84733
0.61555	1.1517
0.94882	0.9842
0.69179	1.355
0.57024	1.3411
0.57972	1.3059
0.50735	1.266
0.72065	1.4563
0.40983	1.1691
0.66688	1.334
0.67503	1.4374
0.21662	0.9202
0.15523	1.0424
0.60875	1.4827
0.67216	1.4742
0.40807	1.3051
0.57621	1.3716
0.36667	1.3256
0.51118	1.2546
0.6149	1.3086
0.23309	1.162
0.11515	0.91807
0.57484	1.4034
0.55737	1.3884
0.38341	1.2478
0.48542	1.4266
0.49986	1.2726
0.56726	0.71958
0.48645	1.1786
0.70971	1.0657
0.22545	1.1264
0.16786	1.125
0.30103	1.261
0.521	1.4881
0.43208	1.2703
0.45668	1.3187
0.46252	1.2968
0.6074	1.3973
0.47271	1.2714
0.59239	1.5559
0.12398	1.0905
0.29332	1.252
0.44493	1.3712
0.55916	1.4987
0.17222	1.1395
0.4483	1.337
0.84034	1.5273
0.56497	1.3697
0.64998	1.3842
0.37793	1.2635
0.32572	0.99333
0.32771	1.1372
0.42816	1.3418
0.3955	0.84668
0.28799	1.249
0.56006	0.83354
0.57857	1.0824
0.15857	1.1087
0.16117	1.1049
0.21357	0.92051
0.47357	0.81769
0.2479	1.1872
0.25066	0.72135
0.38885	1.0828
0.10112	1.0328
0.28719	0.92099
0.5271	0.93523
0.24937	1.0494
0.44085	0.94742
0.53325	0.96622
0.28956	0.90208
0.54377	0.81052
0.4859	1.1449
0.35639	0.96821
0.50799	0.90103
0.41696	0.76363
0.549	0.96438
0.39895	1.0708
0.065494	0.95546
0.4595	0.96819
0.57607	1.0184
1.1652	0.74433
1.0517	1.0335
0.69537	1.0798
0.338	0.67879
0.66631	1.0849
0.4605	1.1106
0.25762	0.88344
0.56914	1.1169
0.97499	0.85155
0.76382	0.49485
1.2446	0.69165
0.74988	0.74067
0.4286	0.85905
0.49071	1.0381
0.21784	0.77276
0.039337	0.94501
0.13252	0.87258
0.40464	1.043
0.1758	0.79941
0.44524	1.0577
0.43667	0.97045
0.47613	1.1358
0.13901	0.96465
0.22256	0.95754
0.41885	1.2488
0.19493	0.92904
0.47759	1.0287
0.26859	0.87175
0.16434	0.84207
0.19786	1.1333
0.36392	0.87921
0.44046	1.0216
0.47694	1.0087
0.29154	1.1896
0.074877	1.0401
0.58972	1.0892
0.4763	0.89556
0.53911	1.0359
0.38703	0.9872
0.25468	0.71954
0.67429	1.1253
0.60917	1.0517
0.62231	1.1624
0.34406	0.62354
0.56267	1.2455
0.18758	1.0695
0.38949	0.95373
1.2802	0.97001
1.1657	0.82626
1.4129	0.76152
1.3228	0.74967
1.3744	0.64227
1.3479	0.84685
1.3199	0.69049
1.2768	0.74751
1.6577	1.3372
1.4204	0.82228
1.5322	0.96535
0.94054	0.56284
1.2944	0.77679
1.4374	0.77784
0.50338	0.61635
0.5562	1.0286
0.50936	0.97834
0.61459	1.1574
0.39254	1.015
0.42395	1.049
0.16605	1.1188
1.603	1.6397
0.79832	1.1242
1.4565	1.7216
1.9542	1.877
0.62833	0.90325
1.2394	1.5556
1.6389	1.9214
1.6527	1.8836
1.2892	1.5852
1.8748	1.7962
0.19629	0.98907
0.65576	1.0748
0.40533	1.1338
0.45826	1.3437
0.26282	1.227
0.26345	1.2073
0.24452	1.1398
0.59479	0.82393
0.58058	1.0187
0.23524	0.91997
0.65284	0.98722
0.35489	0.81203
0.46088	1.2096
0.29646	0.9296
0.28534	1.0234
0.43096	1.042
0.55428	0.86688
0.15534	0.95126
0.58351	0.91806
1.2289	1.0924
0.24913	1.0832
0.17987	0.95367
0.42186	0.99903
0.53278	1.0703
0.26963	0.981
0.25571	0.77395
0.51195	1.0557
0.43356	0.99162
0.066132	0.98128
0.44138	1.0073
0.53158	1.0413
0.50937	1.14
0.44949	1.1188
0.4959	1.1341
0.58197	1.0401
0.44907	1.0765
0.64379	0.95922
0.64677	0.96511
0.25496	0.74765
0.45376	1.1934
0.45037	1.1083
0.35679	0.79786
0.25505	1.0099
0.4049	0.82198
0.54197	1.1388
0.38428	1.0288
0.58469	1.031
0.56789	0.85257
0.37026	0.90382
1.1652	0.81083
1.4262	0.76409
1.3252	0.52812
0.82979	0.58209
1.0922	0.84468
0.56012	0.87986
0.38322	1.0284
0.64064	0.91458
0.55189	1.1411
1.1502	0.67878
0.61847	1.1892
0.42685	1.0163
0.64889	0.8823
0.39278	0.82136
0.22349	0.98893
0.37507	0.79721
0.13502	0.87409
0.50414	0.6147
0.40498	1.0368
0.49136	0.987
0.55226	1.1333
0.50804	1.1541
0.54364	0.92002
0.49397	0.9969
0.54866	0.8501
1.2758	0.86402
0.068348	1.0086
0.47539	0.834
0.51043	0.96118
0.50265	0.77724
0.59201	1.1479
0.6338	1.0894
0.34924	0.91749
0.60047	1.1721
0.44624	1.0066
0.47574	0.9904
0.4734	1.3479
0.48735	1.3862
0.5598	1.2014
0.8229	1.7662
0.64648	1.3485
0.66304	1.5417
0.72249	1.0606
0.36067	0.74945
0.1556	1.1188
0.22267	1.0033
0.55564	1.4122
0.19577	1.1551
0.60104	1.3002
0.23825	1.0324
0.13635	1.0199
0.54014	1.1632
0.19405	1.05
0.25221	1.1143
0.52748	1.2508
0.51396	1.2579
0.61593	1.4137
0.12778	0.87115
0.39365	1.1537
0.062838	0.98567
0.71259	1.3865
0.61523	1.4222
0.5447	1.3925
0.18905	0.91279
0.47181	1.1003
0.63162	1.3181
0.37341	1.2981
0.25996	0.93938
0.45638	1.0314
0.21714	1.0518
0.30282	0.93872
0.24435	0.94121
0.46374	0.93642
0.37154	0.93846
0.52518	1.0615
0.22976	0.9423
0.48611	1.1883
0.46932	1.2106
0.41406	0.72366
0.42729	1.0413
0.2411	1.1365
0.28534	0.89174
0.52004	1.0711
0.42058	0.93951
0.40771	0.90386
0.38998	1.151
0.40018	1.119
0.49102	0.99241
0.49687	0.75433
0.43683	0.85514
0.38532	1.0966
0.56912	0.91432
0.1542	0.94259
0.30697	0.99785
0.53314	1.197
0.30236	0.70131
0.14934	0.81807
0.16354	1.1222
0.85213	0.38831
0.80818	0.71421
0.4499	1.1606
0.059243	0.96769
0.13381	1.08
0.38271	1.0834
0.28083	1.1604
0.29285	1.1471
0.17491	1.0695
0.19225	1.0159
0.32258	0.84612
0.34411	0.9996
0.078954	1.0445
0.37196	1.3157
0.57066	1.0103
0.62538	1.3225
1.1786	0.89354
0.30357	1.2087
0.96799	0.53791
1.3636	0.91322
0.99893	0.70959
0.95477	0.82146
1.1531	1.1909
1.2888	0.90495
1.1886	0.97613
1.0514	0.59091
0.31898	0.91161
0.15283	0.82018
0.085412	1.0302
0.09359	1.0473
0.30751	0.67173
0.15065	1.1127
0.26409	1.1627
0.31418	1.2182
0.15208	1.0232
0.11417	1.0508
0.28738	1.0971
0.052757	0.92621
0.050224	0.92578
0.18286	0.79367
0.2029	0.95199
0.27306	0.92989
0.67329	1.0596
0.080133	0.97748
0.39481	0.75928
0.26881	0.92973
0.34824	0.99173
0.34829	0.88335
0.21052	1.1326
0.79143	1.1572
0.42853	1.3854
0.16743	1.1255
1.174	0.92903
0.33032	1.1877
0.5263	1.294
0.20298	1.156
0.25972	0.88175
0.19066	0.80924
0.13855	1.0857
0.14228	0.86496
0.1671	1.0524
0.30941	0.91572
0.75663	1.2016
0.39855	1.1264
0.19797	0.83979
0.071789	1.0015
0.36021	0.98844
0.10527	0.86271
0.58223	1.2326
0.15681	0.9172
0.43184	1.105
0.33374	1.16
0.26623	1.0148
0.19238	1.1303
0.090471	0.89266
0.25008	1.1414
0.031481	0.98139
0.30029	1.0025
0.17817	1.0597
0.1891	0.98441
0.70033	1.0074
0.39543	0.99402
1.3981	1.2813
0.22114	1.1513
0.32577	1.0243
0.092578	0.89613
0.20701	1.1041
0.19655	0.92287
0.14619	0.83763
0.249	1.1621
0.20455	0.76519
1.2718	1.1993
0.047535	0.93275
0.14266	0.89446
0.29779	1.0007
0.3758	0.99763
0.021014	0.97438
0.10354	0.89058
0.39628	0.92555
0.44271	0.86797
0.48665	1.0857
0.30068	0.92808
0.078977	0.88843
0.24208	0.98028
0.39711	1.0197
0.095801	0.94756
0.20316	1.0433
0.12179	1.039
0.27492	0.9306
0.30098	1.0312
0.34954	1.2684
0.30411	0.8938
0.44336	0.99101
0.53632	1.0608
0.32412	1.0408
0.55941	1.1551
0.45772	1.0092
0.45427	1.0127
0.12989	1.0973
0.97071	0.39517
0.91396	0.14559
0.49162	0.49156
1.0122	0.10231
0.92997	0.041976
1.0933	0.43394
0.86609	0.11383
0.77489	0.33731
0.55264	0.5061
0.77409	0.20256
0.86014	0.16543
0.80123	0.33456
0.93217	0.22687
0.86013	0.14997
0.80936	0.44556
1.1179	0.15543
0.88228	0.24464
0.91636	0.13422
0.91095	0.1079
0.92952	0.33676
0.63232	0.35036
1.0448	0.16724
0.92646	0.13523
0.93618	0.1507
1.0241	0.6444
1.0817	0.16145
1.1896	0.22699
0.86006	0.18384
1.2021	0.23518
1.1988	0.34095
0.79523	0.24201
0.69274	0.30139
0.93255	0.089867
1.0923	0.25877
0.85977	0.10765
0.89557	0.28477
0.72602	0.27994
0.96472	0.22535
0.81366	0.18135
0.99821	0.033339
0.82387	0.17524
0.52609	0.46715
0.94137	0.19365
1.0331	0.093964
0.91061	0.21247
1.1626	0.21793
0.8919	0.077651
0.78204	0.18595
1.1737	0.21364
1.1499	0.18666
0.735	0.29853
0.84307	0.15545
0.92287	0.28708
0.77745	0.29264
0.84425	0.28014
1.1021	0.15936
1.0066	0.1992
0.82426	0.14415
1.0778	0.11465
0.98456	0.055243
0.61134	0.40754
0.72492	0.43958
0.92676	0.14976
0.80325	0.16434
1.0833	0.12636
1.0212	0.062021
0.95287	0.11467
1.4875	0.82663
0.6624	0.48951
1.1738	0.47154
0.5141	0.71883
1.0063	0.069669
1.0506	0.13019
1.0164	0.072503
1.0625	0.095149
1.1771	0.22844
0.57373	0.39706
1.0884	0.12106
0.79563	0.20526
0.95836	0.025157
0.94826	0.08384
1.0076	0.047583
0.80079	0.2643
0.89556	0.15643
1.2424	0.28818
1.1075	0.14048
1.2531	0.39526
0.94075	0.20711
0.62197	0.39545
1.0617	0.096122
0.93204	0.053372
1.0344	0.079311
1.0098	0.18541
0.85824	0.13801
0.8307	0.22652
0.83516	0.18869
1.0643	0.18976
0.44449	0.5319
0.98221	0.6281
0.40979	0.77723
0.88333	0.20487
0.78731	0.2147
0.95997	0.10759
0.90079	0.067045
1.0511	0.13287
0.9811	0.026162
1.1215	0.18304
0.81801	0.18494
0.82432	0.15538
1.3437	0.49984
1.1322	0.31249
0.98342	0.067427
1.0727	0.14716
0.96336	0.0061864
0.96007	0.072832
1.0788	0.11564
0.99972	0.10793
0.95241	0.063893
0.75048	0.24863
0.8634	0.12427
0.92112	0.17941
0.88442	0.17575
0.82154	0.19406
1.0436	0.099845
0.90161	0.20323
0.9293	0.10912
1.2228	0.3943
0.93373	0.039214
0.98952	0.083465
0.73787	0.22986
1.147	0.26228
0.98657	0.22258
1.2057	0.23936
1.2556	0.42063
1.0092	0.079888
1.2193	0.37651
0.99716	0.061901
0.9341	0.19229
1.058	0.1182
1.2829	0.39226
1.2549	0.30051
1.115	0.14959
0.88941	0.11013
1.0842	0.117
1.1129	0.16722
1.1335	0.34996
1.1748	0.26006
0.99226	0.086758
0.78872	0.28667
0.83121	0.17537
0.57913	0.41442
0.94584	0.070906
1.1956	0.25502
0.92588	0.21222
0.87792	0.12724
0.8181	0.27171
0.61762	0.55364
0.70062	0.37063
1.0997	0.16265
1.0915	0.15156
0.82675	0.18286
1.0268	0.35349
0.70036	0.27013
0.83325	0.14522
0.80535	0.16444
0.84062	0.35408
0.66924	0.39114
0.90057	0.11147
0.87317	0.22322
0.75161	0.33236
0.81769	0.1514
0.64246	0.33955
0.93071	0.16708
0.73079	0.24347
0.64023	0.45729
1.0651	0.097934
0.55389	0.45793
1.0962	0.81668
1.3545	0.69155
1.0895	0.88958
1.5747	0.99628
1.0156	0.47592
1.406	0.76485
1.6163	1.0618
1.3167	0.71013
1.4327	1.0414
1.5367	1.3288
1.7885	1.498
0.85924	0.81307
0.136	1.0418
1.5907	1.7818
0.41945	1.2748
0.37301	1.225
1.3358	1.7128
0.65996	1.076
0.46006	0.81073
0.46868	0.6888
1.5172	1.2565
1.4497	1.1548
1.1825	0.57216
0.73918	0.52343
0.7862	0.20043
0.87953	0.18269
0.64175	0.32817
0.9207	0.42692
1.0656	0.33758
0.65459	0.61572
1.2754	0.39296
0.41132	0.58717
0.64712	0.32359
1.2087	0.24143
0.77113	0.32245
0.98923	0.1074
0.92271	0.172
0.80716	0.16295
1.1655	0.49452
1.0404	0.087831
0.95115	0.028138
0.68145	0.49465
0.77578	0.21339
1.0528	0.13512
0.83489	0.27327
0.58197	0.5178
1.0536	0.6319
0.88324	0.13714
0.95095	0.33234
0.86591	0.18434
0.86809	0.13535
0.73137	0.23755
0.70781	0.27897
1.0841	0.11739
1.2009	0.25344
0.91611	0.17761
1.2127	0.29302
0.87309	0.099224
1.0876	0.66351
1.0864	0.13929
0.80972	0.17588
0.89198	0.15599
0.97594	0.016961
1.073	0.10573
1.3943	0.62758
1.3567	0.77747
0.84459	0.17077
0.72129	0.29167
1.0156	0.048232
1.0737	0.10703
1.0388	0.076511
1.0968	0.14478
0.89995	0.12843
0.98126	0.18538
0.80957	0.23982
1.0523	0.096689
1.1655	0.2012
1.1569	0.19994
1.0565	0.18718
0.65529	0.50472
0.91573	0.11665
0.90387	0.11184
0.85666	0.11097
1.0786	0.11306
0.4932	0.5282
1.0802	0.13776
1.1463	0.23584
1.2468	0.32243
1.1676	0.31589
1.1738	0.20677
0.9849	0.24749
1.3145	0.78283
1.0478	0.19114
1.0397	0.12814
1.0565	0.094327
1.2079	0.36023
0.80178	0.16776
0.79287	0.26418
0.9907	0.086892
1.2053	0.31146
1.0241	0.057835
1.0492	0.15718
0.44538	0.79854
0.7194	0.24924
0.77069	0.20009
0.82553	0.15959
1.0099	0.047647
0.93416	0.063566
0.97411	0.016261
1.1091	0.17683
0.97326	0.01509
1.1577	0.61021
1.1644	0.20431
1.1358	0.19218
1.0736	0.12754
0.9458	0.024579
0.85008	0.46815
1.2103	0.44177
0.97003	0.61072
1.094	0.46488
0.87763	0.2669
0.53716	0.43194
0.78413	0.1911
0.94008	0.19382
0.77471	0.38431
0.9179	0.23787
1.7751	1.57
1.8478	1.5735
1.8278	1.5744
1.5471	1.4376
1.7498	1.3446
1.4469	1.0669
1.0229	0.3264
0.83849	0.37183
0.4746	0.68524
1.0598	0.29686
1.0477	0.18466
0.95797	0.15925
0.89916	0.41847
0.81034	0.17935
1.1706	0.36805
0.76751	0.23847
1.0656	0.17559
0.7673	0.23424
0.77602	0.28122
1.0659	0.16053
0.78192	0.22936
1.2617	0.61765
0.25361	0.72243
0.82013	0.31684
1.2545	0.65057
0.13756	0.84999
0.92074	0.37365
0.6533	0.31489
1.0351	0.1042
0.7025	0.27501
1.0857	0.12641
0.88759	0.19552
1.1648	0.24818
0.96356	0.22659
1.187	0.22593
1.0515	0.10781
0.94977	0.019373
0.90898	0.12006
1.4149	0.86971
1.3332	0.76868
1.4872	0.94646
1.086	0.68118
1.381	0.81896
1.1194	0.16108
1.1481	0.18222
0.81179	0.1786
1.2045	0.27056
1.0416	0.075706
0.95465	0.18364
0.89934	0.15858
0.98657	0.062238
1.0108	0.21332
0.46689	0.91668
1.0049	0.136
1.1607	0.39199
1.0145	0.1956
0.81102	0.1876
1.1596	0.19322
0.91635	0.083872
0.94907	0.21334
1.0703	0.15027
1.1789	0.22815
1.2241	0.33391
0.94322	0.093797
0.52646	0.88132
1.1673	0.2357
1.1128	0.18737
1.0236	0.16527
1.1598	0.21401
0.9767	0.11758
0.95626	0.053658
1.2136	0.32924
0.98866	0.13065
1.3071	0.44976
0.70728	0.26076
1.0126	0.055572
0.88122	0.093887
0.9463	0.039306
1.1056	0.15545
1.0693	0.12337
0.96793	0.057382
0.79926	0.28555
1.1284	0.29196
1.1941	0.24534
0.96483	0.12366
1.0798	0.11381
0.47732	0.49559
1.043	0.10536
1.0788	0.11143
0.82717	0.14515
1.0263	0.16078
1.1106	0.21934
1.0419	0.093789
1.1117	0.28978
0.97364	0.20713
1.175	0.30958
1.0809	0.11487
1.0554	0.099798
0.86398	0.17571
1.094	0.17183
0.91162	0.10599
1.035	0.20802
0.84158	0.29494
0.63193	0.46826
0.78714	0.26915
0.96141	0.1032
0.98762	0.042364
1.0403	0.35881
0.91474	0.080426
1.0052	0.16365
1.0703	0.10577
1.0454	0.14559
1.1239	0.16592
1.1705	0.20522
0.95859	0.03837
0.88878	0.15072
1.3303	0.40818
1.3042	0.39338
1.0294	0.064786
0.97659	0.12305
0.97833	0.10527
0.97896	0.063825
0.97873	0.016111
0.67346	0.36163
0.81772	0.1574
0.83679	0.13335
0.44056	0.64682
1.1345	0.18751
1.2022	0.24157
0.91835	0.081471
0.94975	0.12267
1.0579	0.10208
0.86047	0.11531
0.88981	0.14313
0.81905	0.18937
0.77108	0.20202
1.0899	0.19115
0.88805	0.22069
1.0182	0.1355
0.96952	0.00392
0.79331	0.23238
0.88323	0.27266
0.90814	0.08743
0.82699	0.19922
0.75444	0.31245
0.78969	0.18692
0.98185	0.063023
0.82561	0.29331
0.86394	0.12655
0.50607	0.55556
0.88176	0.18948
1.0025	0.035334
0.90615	0.13342
1.2343	0.43408
0.95652	0.12643
0.78369	0.24983
1.0451	0.097222
1.0868	0.18792
1.2059	0.29817
1.1808	0.21369
1.2744	0.44456
1.1436	0.20152
1.0164	0.060854
0.8639	0.10431
1.1831	0.24166
0.59417	0.39525
1.0749	0.1221
0.93584	0.24145
0.66407	0.35519
0.91453	0.080943
0.78759	0.19153
0.66701	0.34018
0.72183	0.26126
0.48639	0.70013
0.98497	0.1551
0.75267	0.26718
0.99206	0.027272
1.0401	0.072751
1.0197	0.076813
1.1259	0.1732
0.81923	0.27914
1.0653	0.10499
1.0703	0.12635
1.0337	0.093252
0.98755	0.08423
1.0217	0.092413
0.78034	0.24529
0.83295	0.3892
0.69838	0.27391
0.98682	0.29603
0.86946	0.10244
0.91143	0.36319
1.0161	0.1582
0.98382	0.019088
0.59693	0.45406
1.0163	0.45261
0.88826	0.085276
1.1044	0.2445
1.0944	0.12984
0.73102	0.24504
0.83989	0.38917
1.0134	0.29168
0.98483	0.31058
1.028	0.11347
0.80286	0.32671
0.71813	0.55671
1.1036	0.29718
0.75001	0.32959
0.77631	0.21594
0.83785	0.27779
0.67524	0.56063
0.79269	0.22486
0.76582	0.39001
1.0427	0.13689
0.90226	0.51455
1.0032	0.45594
0.43032	0.54146
0.86925	0.1684
1.2692	0.61887
1.0136	0.060047
0.6656	0.65955
1.0713	0.12158
0.99957	0.12425
0.75145	0.21597
0.99446	0.048708
0.81998	0.22058
1.0131	0.082412
1.0976	0.37894
0.69601	0.42048
1.0144	0.33092
0.86338	0.20628
0.90054	0.14903
0.78647	0.18345
1.0236	0.057648
0.82652	0.14582
0.70674	0.26187
1.0516	0.34887
1.0583	0.47103
0.91219	0.40171
0.867	0.15842
0.77265	0.27719
0.77008	0.3529
0.95773	0.44933
0.54357	0.58849
0.92033	0.51828
0.89702	0.16823
0.76588	0.23962
0.9468	0.26037
0.78443	0.18433
0.8999	0.20027
0.91259	0.27617
0.82866	0.41038
0.82902	0.15063
0.94827	0.23644
0.98991	0.279
1.0597	0.53914
0.78567	0.2019
0.65779	0.31583
1.108	0.22984
0.7843	0.36493
1.0368	0.48627
0.81004	0.2449
0.96696	0.02145
0.63228	0.9678
0.64965	0.33607
0.92124	0.079839
0.98223	0.47882
1.0652	0.54106
1.0082	0.37815
0.80161	0.37236
0.94497	0.31506
0.89231	0.5954
0.93265	0.24627
1.0541	0.11073
0.66211	0.33843
0.84552	0.12711
1.0189	0.34332
1.0899	0.45859
1.0706	0.24035
0.88003	0.27412
0.5966	0.51883
1.1267	1.0459
1.3145	0.81856
1.1381	0.64837
1.5034	0.82718
1.2261	0.42714
1.0011	0.51051
1.2702	0.68534
1.3782	0.82709
1.1347	0.21304
0.82247	0.17394
0.91286	0.29362
0.9583	0.38798
0.9978	0.21269
0.8223	0.14603
1.0424	0.50433
0.35732	0.61173
0.77934	0.26981
0.82778	0.19151
0.53239	0.43651
0.94474	0.31635
1.24	0.78691
0.92787	0.34587
0.83657	0.25211
0.86812	0.27255
1.1315	0.87517
0.89404	0.19005
0.93669	0.032953
0.83235	0.2212
0.69842	1.4215
0.35386	1.1346
0.23374	0.8429
0.063601	0.90466
0.17677	1.0451
0.32382	1.1982
0.44451	1.3846
0.59632	1.5224
0.54635	1.3159
0.5142	1.3379
0.60799	1.5043
0.33059	1.2974
0.27122	1.1685
0.61156	1.5582
0.64286	1.4033
0.28431	1.1616
0.12768	0.94799
0.067728	1.0072
0.15794	1.1243
0.48027	0.88082
0.21908	1.1468
0.093623	0.95651
1.3257	1.5435
0.82355	0.98703
0.65112	1.0576
0.065962	0.97174
0.26843	0.97668
0.24068	0.92345
0.15228	0.82639
0.058604	0.97746
0.24356	1.1678
0.23302	0.88613
0.15416	1.1208
0.20179	1.0414
0.29999	1.2404
0.15537	0.96014
0.22298	0.95311
0.14255	0.84116
0.052496	0.98226
0.53463	1.0349
0.089804	1.0436
0.12934	1.0189
0.25072	1.1714
0.54959	1.1042
0.27982	1.1948
0.3929	1.3602
0.42489	1.3899
0.29673	1.2168
0.50648	1.339
0.41335	1.3755
0.32616	1.2929
0.34553	1.292
0.48757	1.438
0.44763	1.4078
0.46592	1.4285
0.32573	1.1029
0.095376	0.8732
0.1491	0.86839
0.14555	0.82313
0.13927	1.093
0.29746	0.98401
0.3326	1.0911
0.24999	0.96085
0.20091	0.89176
0.2284	1.1368
0.10089	0.9559
0.25695	0.81123
0.28571	0.93066
0.25271	1.2131
0.22457	1.123
0.12001	1.084
0.34669	1.2962
0.30659	1.1344
0.10623	0.91877
0.33884	1.0544
0.35134	1.298
0.10643	1.0685
0.17995	1.0511
0.58335	0.84216
0.59066	1.2107
0.5237	1.0199
0.10419	0.88454
0.16416	0.95074
0.49824	0.96349
0.64881	1.0655
0.54381	1.1225
0.49111	1.0071
0.46818	1.0893
0.57319	1.1268
0.56548	1.2193
0.42371	0.67553
0.37905	1.0119
0.64546	1.234
0.23846	1.0854
0.44159	0.89937
0.4282	0.97075
0.48398	1.0893
0.58442	1.1122
0.63325	1.1462
0.16571	0.90347
0.18456	0.78375
0.54878	0.84063
0.20995	0.83733
0.33973	0.96807
0.51911	1.0465
0.73467	1.2013
0.66854	1.0908
0.54627	1.1264
0.90053	0.50168
0.91031	0.78998
0.71666	0.56845
0.37858	1.2081
1.1525	0.69903
0.43944	1.0978
0.53647	1.1909
0.58641	0.92682
0.62543	0.98654
0.39867	1.0316
0.058226	0.91548
0.27432	0.91433
0.28497	0.94545
0.52727	0.94872
0.53386	1.061
0.2923	0.92349
0.5282	1.0876
0.44135	0.77908
0.10897	0.86015
0.39817	1.0801
0.19738	1.025
0.37562	1.1144
0.4357	1.0079
0.18681	0.93481
0.058785	0.94393
0.46729	1.4194
0.082602	0.97659
0.40206	0.76975
0.18669	0.9209
0.15257	0.84838
0.15231	0.83423
0.2791	1.1246
0.49172	0.8874
0.12443	0.86612
0.39921	0.76917
0.20511	0.77429
0.27025	1.1097
0.10331	0.95517
0.20421	0.7945
0.79853	1.0993
0.12993	0.85681
0.0069531	0.96055
0.22782	0.93018
0.19946	1.0435
0.12139	0.91853
0.14077	0.98677
0.19537	0.95672
0.53321	0.96359
0.21162	0.80421
0.062086	0.96981
0.13594	1.007
0.21019	0.77435
0.25953	1.0584
0.09578	0.89457
0.12037	0.8674
0.17648	0.95082
0.16774	0.82345
0.24882	1.06
0.1747	0.90934
0.068786	1.0325
0.035541	0.99559
0.048216	0.98716
0.031392	0.94488
0.13762	1.104
0.39318	1.0229
0.43487	1.0787
0.38418	0.93047
0.1897	0.87094
0.1332	0.84163
0.091193	0.90808
0.24439	1.1181
0.098319	0.88413
0.14937	1.0366
0.2398	1.2068
0.16045	0.91249
0.072229	0.93542
0.15865	0.84529
0.095706	0.96989
0.52607	0.68353
0.12414	0.8475
0.15216	1.0925
0.51532	1.099
0.044008	1.0113
0.13021	1.0891
0.26341	0.99513
0.47196	0.87971
0.22291	0.94201
0.61325	0.91043
0.34332	0.70654
0.12476	0.88063
0.27404	0.76778
0.82048	1.0797
0.23894	0.86899
0.29883	0.74511
0.48345	0.99176
0.59022	1.0563
0.63036	1.4713
0.19076	0.93604
0.50973	1.3585
0.4167	1.304
0.10409	1.0151
0.19831	1.1236
0.63156	1.4425
1.237	0.63303
1.2108	0.76139
0.689	1.4729
0.54341	1.2918
0.43651	0.85872
0.52813	1.0389
0.39872	0.99596
0.39672	0.93177
0.35778	1.0564
0.51458	0.83357
0.39972	1.0029
0.46476	0.92352
0.5897	0.4065
0.52723	1.0794
0.50677	0.95579
0.51266	0.89288
0.55501	0.9672
0.37642	1.0032
0.47574	0.85755
0.37807	0.90542
0.43294	1.0358
0.44582	0.94956
0.15292	0.87131
0.39237	0.84836
0.61801	1.0627
0.4863	0.92387
0.34017	0.96291
0.51714	0.888
0.55767	1.039
0.34862	1.0076
0.41035	0.96174
0.40437	0.86725
0.58439	0.87878
0.34546	0.97437
0.52436	0.96464
0.52419	1.0763
0.49567	0.89715
1.2763	0.71668
0.4954	1.0814
0.51813	1.062
0.29889	0.88222
0.14854	1.0615
0.14451	1.0752
0.22444	1.0337
0.22906	1.149
0.18705	1.1531
0.16827	0.92
0.068084	0.9319
0.078853	0.92723
0.18029	0.97011
0.27148	1.0665
0.38384	1.3495
0.057933	1.0212
0.12608	1.0818
0.1226	0.98794
0.35443	0.97661
0.10704	1.0149
0.18408	0.96651
0.243	0.90587
0.58555	1.3591
0.38848	1.3053
0.40699	1.3333
1.3651	1.4913
1.5821	1.5424
1.1036	0.92735
1.6873	1.6278
1.4257	1.1657
1.1962	0.94987
1.483	1.1441
1.3183	1.2039
1.1794	0.91498
1.0528	0.71489
1.3294	1.0106
1.232	0.87029
1.1331	0.72381
1.1684	0.69704
1.1454	0.78217
1.2182	0.98057
1.2121	0.91014
1.4728	1.1456
0.91443	0.076166
0.5952	0.61297
0.3653	0.62526
0.72871	0.27359
0.50371	0.49646
0.74334	0.35708
0.72921	0.31583
1.0784	0.20975
0.97396	0.70657
0.80799	0.2983
0.9155	0.41399
0.8351	0.22417
0.7905	0.4412
0.99039	0.03475
1.0123	0.37554
0.57781	0.49607
0.89283	0.084286
0.95094	0.31299
0.77197	0.4431
0.7315	0.48068
1.0388	0.12465
0.89293	0.39053
0.84393	0.17899
0.79479	0.40241
0.96093	0.20283
0.91946	0.14465
0.85632	0.22922
0.40027	0.70051
0.7408	0.3832
0.71121	0.25883
0.98494	0.15521
0.63681	0.3324
0.75367	0.35428
1.0674	0.27756
0.70652	0.37386
0.88136	0.33489
0.79851	0.23675
0.80413	0.23884
0.77318	0.26271
1.0725	0.17431
0.90858	0.088442
0.903	0.30985
0.88674	0.46686
0.96483	0.18717
0.74035	0.28744
0.84953	0.46205
0.91689	0.052202
0.8005	0.34716
1.2601	0.56654
0.73518	0.30559
0.92915	0.38355
0.90685	0.21926
0.93269	0.37221
0.71867	0.25291
1.0904	0.18588
1.2287	0.42846
0.88547	0.22493
0.82488	0.16122
1.1164	0.18213
1.0683	0.11413
0.8727	0.14134
0.71978	0.34396
0.60138	0.3712
0.79201	0.30779
0.79646	0.19259
1.0473	0.15679
0.87182	0.22497
1.2081	0.3404
0.87566	0.30825
0.94676	0.12858
0.90883	0.12871
0.71425	0.25415
0.89655	0.081549
1.1441	0.17758
0.68321	0.36685
1.0518	0.30741
0.77045	0.25369
1.1089	0.22047
1.0486	0.13363
1.3074	0.34985
0.8365	0.20287
1.1757	0.26267
0.79431	0.25017
1.086	0.12971
1.0202	0.25563
0.84848	0.11957
0.69778	0.31092
0.92963	0.04456
0.70708	0.34351
0.93099	0.21117
0.86217	0.49213
1.3994	0.67046
1.3717	0.87889
1.5734	1.0356
0.97571	0.17938
1.0416	0.12873
1.2	0.80396
1.2877	0.66358
1.1791	0.42564
1.0933	0.13178
0.97368	0.12383
0.60371	0.46007
0.7552	0.37463
0.76455	0.37523
0.67757	0.29948
0.86614	0.11937
0.78434	0.19081
0.66176	0.38616
0.93235	0.33525
0.80536	0.23038
0.99631	0.11161
0.9351	0.041833
0.75471	0.22974
1.1194	0.18833
0.80117	0.32351
0.91462	0.2752
0.65914	0.33244
0.96665	0.092875
0.90821	0.40248
0.90075	0.069638
1.0108	0.39905
1.1417	0.35269
0.84683	0.57336
0.66013	0.46972
1.033	0.49812
1.0631	0.50625
0.96502	0.011892
0.059558	1.0145
0.5478	0.94244
0.63531	0.59657
0.82442	0.5256
0.85857	0.18822
0.72466	0.42648
0.85595	0.24733
0.96787	0.38575
0.69419	0.29267
0.71048	0.28739
0.68517	0.29426
0.94384	0.32234
0.75772	0.26364
0.83058	0.53507
1.1034	0.1741
1.0651	0.12036
0.77891	0.38534
0.83007	0.22557
