57	1
64	1
74	1
76	1
77	1
83	1
84	1
86	1
87	1
90	1
96	1
97	1
99	1
100	1
102	1
103	1
106	1
113	1
127	1
129	1
130	1
135	1
136	1
148	1
149	1
151	1
152	1
154	1
156	1
157	1
158	1
165	1
166	1
167	1
168	1
169	1
176	1
178	1
180	1
182	1
183	1
184	1
185	1
186	1
187	1
188	1
189	1
191	1
192	1
193	1
194	1
198	1
202	1
207	1
212	1
220	1
225	1
239	1
331	1
341	1
344	1
345	1
401	1
414	1
415	1
419	1
422	1
423	1
428	1
429	1
430	1
434	1
435	1
436	1
437	1
438	1
439	1
440	1
441	1
442	1
443	1
444	1
535	1
593	1
747	1
836	1
845	1
848	1
880	1
885	1
895	1
896	1
902	1
903	1
904	1
908	1
909	1
913	1
924	1
925	1
926	1
929	1
931	1
932	1
933	1
935	1
936	1
938	1
940	1
945	1
946	1
948	1
956	1
958	1
960	1
961	1
962	1
963	1
964	1
965	1
966	1
968	1
977	1
978	1
983	1
986	1
994	1
995	1
996	1
1004	1
1008	1
1009	1
1010	1
1012	1
1013	1
1016	1
1017	1
1018	1
1022	1
1023	1
1028	1
1033	1
1034	1
1039	1
1040	1
1041	1
1042	1
1043	1
1044	1
1045	1
1046	1
1058	1
1059	1
1060	1
1062	1
1071	1
1072	1
1084	1
1085	1
1087	1
1088	1
1089	1
1090	1
1097	1
1098	1
1099	1
1101	1
1102	1
1103	1
1104	1
1105	1
1106	1
1108	1
1109	1
1110	1
1111	1
1112	1
1113	1
1115	1
1116	1
1119	1
1120	1
1122	1
1124	1
1125	1
1126	1
1127	1
1128	1
1129	1
1131	1
1132	1
1133	1
1134	1
1137	1
1145	1
1157	1
1158	1
1159	1
1160	1
1161	1
1165	1
1182	1
1185	1
1193	1
1194	1
1199	1
1218	1
1386	1
1412	1
1413	1
1414	1
1415	1
1417	1
1418	1
1419	1
1420	1
1422	1
1423	1
1544	1
1550	1
1551	1
1558	1
1562	1
1569	1
1570	1
1574	1
1587	1
1591	1
1596	1
1597	1
1604	1
1609	1
1622	1
1631	1
1632	1
1638	1
1639	1
1640	1
1645	1
1646	1
1647	1
1648	1
1649	1
1650	1
1651	1
1652	1
1653	1
1703	1
1731	1
1747	1
1755	1
1756	1
1759	1
1763	1
1765	1
1767	1
1768	1
1769	1
1813	1
1899	1
1900	1
1940	1
1994	1
1996	1
1999	1
2002	1
2003	1
2037	1
2038	1
2041	1
2042	1
2043	1
2045	1
2046	1
2047	1
2049	1
2050	1
2052	1
2053	1
2056	1
2058	1
2065	1
2068	1
2088	1
2089	1
2090	1
2095	1
2096	1
2097	1
2098	1
2099	1
2100	1
2105	1
2106	1
2107	1
2108	1
2109	1
2110	1
2111	1
2112	1
2113	1
2114	1
2115	1
2116	1
2117	1
2118	1
2119	1
2120	1
2121	1
2122	1
2123	1
2124	1
2125	1
2126	1
2127	1
2128	1
2129	1
2130	1
2131	1
2132	1
2133	1
2134	1
2135	1
2136	1
2137	1
2138	1
2139	1
2140	1
2141	1
2142	1
2143	1
2144	1
2145	1
2146	1
2147	1
2148	1
2149	1
2150	1
2151	1
2152	1
2153	1
2155	1
2156	1
2157	1
2158	1
2159	1
2160	1
2161	1
2162	1
2163	1
2164	1
2165	1
2166	1
2167	1
2168	1
2169	1
2170	1
2171	1
2172	1
2173	1
2174	1
2175	1
2176	1
2177	1
2178	1
2179	1
2180	1
2181	1
2182	1
2183	1
2184	1
2185	1
2186	1
2187	1
2188	1
2189	1
2190	1
2191	1
2192	1
2193	1
2194	1
2195	1
2196	1
2197	1
2198	1
2199	1
2200	1
2201	1
2202	1
2203	1
2204	1
2205	1
2206	1
2207	1
2208	1
2209	1
2210	1
2211	1
2212	1
2213	1
2214	1
2215	1
2216	1
2217	1
2218	1
2219	1
2220	1
2221	1
2222	1
2223	1
2224	1
2225	1
2226	1
2227	1
2228	1
2229	1
2230	1
2231	1
2232	1
2233	1
2234	1
2235	1
2236	1
2237	1
2238	1
2239	1
2240	1
2241	1
2242	1
2243	1
2244	1
2245	1
2246	1
2247	1
2248	1
2249	1
2250	1
2251	1
2252	1
2253	1
2254	1
2255	1
2256	1
2257	1
2258	1
2259	1
2260	1
2261	1
2262	1
2263	1
2264	1
2265	1
2266	1
2267	1
2268	1
2269	1
2270	1
2271	1
2283	1
2285	1
2286	1
2288	1
2299	1
2305	1
2323	1
2324	1
2330	1
2367	1
2368	1
2369	1
2370	1
2371	1
2387	1
2389	1
2399	1
2402	1
2403	1
2406	1
2407	1
2408	1
2409	1
2410	1
2411	1
2412	1
2414	1
2415	1
2416	1
2417	1
2420	1
2422	1
2424	1
2427	1
2429	1
2432	1
2433	1
2434	1
2437	1
2440	1
2442	1
2443	1
2445	1
2449	1
2451	1
2452	1
2453	1
2454	1
2455	1
2456	1
2459	1
2461	1
2463	1
2464	1
2465	1
2494	1
2511	1
2512	1
2513	1
2514	1
2586	1
2587	1
2588	1
2589	1
2594	1
2606	1
2631	1
2637	1
2642	1
2646	1
2749	1
2750	1
2752	1
2763	1
2764	1
2767	1
2768	1
2769	1
2770	1
2772	1
2773	1
2775	1
2805	1
2816	1
2817	1
2827	1
2834	1
2855	1
2872	1
2896	1
2931	1
2935	1
2936	1
2938	1
2953	1
2966	1
2968	1
2969	1
2970	1
2973	1
2976	1
2983	1
2989	1
3006	1
3015	1
3025	1
3029	1
3032	1
3033	1
3035	1
3038	1
3039	1
3040	1
3041	1
3043	1
3044	1
3045	1
3046	1
3047	1
3049	1
3050	1
3051	1
3052	1
3054	1
3055	1
3062	1
3070	1
3077	1
3078	1
3080	1
3081	1
3083	1
3084	1
3087	1
3089	1
3090	1
3091	1
3092	1
3093	1
3094	1
3095	1
3096	1
3097	1
3098	1
3099	1
3100	1
3101	1
3102	1
3103	1
3116	1
3226	1
3231	1
3234	1
3341	1
3354	1
3361	1
3376	1
3449	1
3451	1
3452	1
3453	1
3454	1
3456	1
3473	1
3474	1
3475	1
3501	1
3509	1
3513	1
3515	1
3525	1
3528	1
3542	1
3554	1
3555	1
3556	1
3563	1
3565	1
3566	1
3568	1
3604	1
3605	1
3609	1
3610	1
3612	1
3619	1
3620	1
3621	1
3623	1
3625	1
3626	1
3629	1
3635	1
3654	1
3658	1
3666	1
3669	1
3673	1
3681	1
3731	1
3732	1
3749	1
3750	1
3755	1
3758	1
3759	1
3760	1
3762	1
3764	1
3765	1
3769	1
3770	1
3783	1
3802	1
3849	1
3850	1
3851	1
3854	1
3858	1
3859	1
3860	1
3863	1
3865	1
3883	1
3884	1
3885	1
3886	1
3887	1
3888	1
3889	1
3893	1
3897	1
3902	1
3903	1
3905	1
3906	1
3908	1
3915	1
3916	1
3920	1
3921	1
3925	1
3927	1
3928	1
3931	1
3932	1
3935	1
3939	1
3941	1
3942	1
3943	1
3947	1
3948	1
3949	1
3950	1
3951	1
3952	1
3953	1
3955	1
3957	1
3958	1
3959	1
3960	1
3963	1
3964	1
3965	1
3966	1
3968	1
3969	1
3970	1
3971	1
3972	1
3973	1
3975	1
3976	1
3977	1
3978	1
3979	1
3980	1
3981	1
3982	1
3984	1
3985	1
3986	1
3987	1
3990	1
3996	1
4002	1
4006	1
4010	1
4027	1
4030	1
4039	1
4048	1
4309	1
4310	1
4311	1
4312	1
4314	1
4315	1
4317	1
4319	1
4320	1
4321	1
4322	1
4323	1
4325	1
4326	1
4327	1
4328	1
4329	1
4331	1
4332	1
4333	1
4334	1
4335	1
4336	1
4337	1
4338	1
4339	1
4340	1
4344	1
4345	1
4346	1
4347	1
4348	1
4349	1
4351	1
4352	1
4353	1
4354	1
4355	1
4356	1
4357	1
4358	1
4359	1
4360	1
4362	1
4364	1
4365	1
4366	1
4367	1
4368	1
4369	1
4370	1
4371	1
4372	1
4374	1
4375	1
4376	1
4377	1
4378	1
4379	1
4380	1
4383	1
4384	1
4385	1
4386	1
4387	1
4389	1
4391	1
4392	1
4394	1
4395	1
4396	1
4397	1
4398	1
4400	1
4401	1
4402	1
4404	1
4405	1
4406	1
4407	1
4408	1
4409	1
4410	1
4411	1
4412	1
4413	1
4414	1
4416	1
4417	1
4418	1
4422	1
4424	1
4425	1
4426	1
4428	1
4429	1
4430	1
4431	1
4432	1
4442	1
4451	1
4455	1
4456	1
4457	1
4458	1
4459	1
4460	1
4461	1
4462	1
4463	1
4464	1
4466	1
4467	1
4468	1
4469	1
4471	1
4472	1
4473	1
4474	1
4475	1
4477	1
4478	1
4479	1
4483	1
4492	1
4493	1
4494	1
4497	1
4504	1
4506	1
4508	1
4516	1
4517	1
4518	1
4521	1
4522	1
4523	1
4528	1
4529	1
4531	1
4532	1
4537	1
4538	1
4540	1
4546	1
4549	1
4555	1
4559	1
4564	1
4566	1
4567	1
4569	1
4574	1
4576	1
4577	1
4578	1
4579	1
4581	1
4582	1
4583	1
4584	1
4588	1
4599	1
4600	1
4608	1
4609	1
4618	1
4619	1
4620	1
4628	1
4629	1
4632	1
4642	1
4645	1
4646	1
4647	1
4649	1
4650	1
4652	1
4653	1
4655	1
4658	1
4666	1
4675	1
4683	1
4684	1
4685	1
4687	1
4691	1
4692	1
4694	1
4696	1
4697	1
4698	1
4702	1
4703	1
4708	1
4714	1
4736	1
4747	1
4751	1
4752	1
4753	1
4756	1
4760	1
4761	1
4764	1
4767	1
4768	1
4771	1
4772	1
4775	1
4785	1
4789	1
4810	1
4812	1
4822	1
4840	1
4841	1
4843	1
4845	1
4846	1
4848	1
4849	1
4853	1
4855	1
4859	1
4863	1
4865	1
4866	1
4867	1
4871	1
4876	1
4877	1
4888	1
4889	1
4891	1
4892	1
4893	1
4897	1
4898	1
4900	1
4901	1
4902	1
4903	1
4906	1
4911	1
4920	1
4921	1
4922	1
4923	1
4924	1
4925	1
4926	1
4927	1
4928	1
4929	1
4930	1
4931	1
4932	1
4933	1
4934	1
4935	1
4937	1
4939	1
4942	1
4945	1
4949	1
4950	1
4951	1
4952	1
4953	1
4954	1
4955	1
4958	1
4959	1
4961	1
4963	1
4966	1
4967	1
4968	1
4969	1
4970	1
4971	1
4972	1
4973	1
4977	1
4979	1
4980	1
4981	1
4982	1
4983	1
4984	1
4986	1
4987	1
4988	1
4990	1
4991	1
4995	1
4996	1
4997	1
4999	1
5000	1
5001	1
5002	1
5003	1
5005	1
5012	1
5202	1
5338	1
5341	1
5627	1
5628	1
5629	1
5637	1
5640	1
5641	1
5642	1
5643	1
5645	1
5646	1
5650	1
5651	1
5652	1
5653	1
5654	1
5655	1
5656	1
5657	1
5658	1
5659	1
5660	1
5661	1
5662	1
5663	1
5665	1
5666	1
5667	1
5669	1
5672	1
5681	1
5682	1
5683	1
5684	1
5685	1
5687	1
5688	1
5689	1
5690	1
5691	1
5692	1
5693	1
5694	1
5695	1
5697	1
5698	1
5701	1
5702	1
5706	1
5707	1
5718	1
5724	1
5725	1
5727	1
5743	1
5744	1
5745	1
5748	1
5751	1
5753	1
5756	1
5757	1
5759	1
5761	1
5762	1
5763	1
5764	1
5766	1
5768	1
5769	1
5770	1
5771	1
5773	1
5774	1
5775	1
5776	1
5777	1
5778	1
5779	1
5781	1
5782	1
5783	1
5784	1
5785	1
5786	1
5787	1
5788	1
5789	1
5790	1
5791	1
5792	1
5793	1
5794	1
5795	1
5796	1
5800	1
5801	1
5802	1
5803	1
5804	1
5805	1
5806	1
5807	1
5808	1
5809	1
5810	1
5812	1
5813	1
5815	1
5816	1
5817	1
5819	1
5822	1
5823	1
5825	1
5826	1
5830	1
5833	1
5834	1
5858	1
5876	1
5877	1
5878	1
5879	1
5880	1
5881	1
5882	1
5883	1
5884	1
5885	1
5886	1
5888	1
5889	1
5890	1
5892	1
5893	1
5894	1
6043	1
