0	1
0.00050017	1
0.0010003	1
0.0015005	1
0.0020007	1
0.0025008	1
0.003001	1
0.0035012	1
0.0040013	1
0.0045015	1
0.0050017	1
0.0055018	1
0.006002	1
0.0065021	1
0.0070023	1
0.0075025	1
0.0080026	1
0.0085028	1
0.009003	1
0.0095031	1
0.010003	1
0.010503	1
0.011004	1
0.011504	1
0.012004	1
0.012504	1
0.013004	1
0.013504	1
0.014005	1
0.014505	1
0.015005	1
0.015505	1
0.016005	1
0.016505	1
0.017006	1
0.017506	1
0.018006	1
0.018506	1
0.019006	1
0.019506	1
0.020007	1
0.020507	1
0.021007	1
0.021507	1
0.022007	1
0.022507	1
0.023008	1
0.023508	1
0.024008	1
0.024508	1
0.025008	1
0.025508	1
0.026009	1
0.026509	1
0.027009	1
0.027509	1
0.028009	1
0.028509	1
0.02901	1
0.02951	1
0.03001	1
0.03051	1
0.03101	1
0.03151	1
0.032011	1
0.032511	1
0.033011	1
0.033511	1
0.034011	1
0.034511	1
0.035012	1
0.035512	1
0.036012	1
0.036512	1
0.037012	1
0.037512	1
0.038013	1
0.038513	1
0.039013	1
0.039513	1
0.040013	1
0.040513	1
0.041014	1
0.041514	1
0.042014	1
0.042514	1
0.043014	1
0.043514	1
0.044015	1
0.044515	1
0.045015	1
0.045515	1
0.046015	1
0.046515	1
0.047016	1
0.047516	1
0.048016	1
0.048516	1
0.049016	1
0.049516	1
0.050017	1
0.050517	1
0.051017	1
0.051517	1
0.052017	1
0.052517	1
0.053017	1
0.053518	1
0.054018	1
0.054518	1
0.055018	1
0.055518	1
0.056018	1
0.056519	1
0.057019	1
0.057519	1
0.058019	1
0.058519	1
0.059019	1
0.05952	1
0.06002	1
0.06052	1
0.06102	1
0.06152	1
0.06202	1
0.062521	1
0.063021	1
0.063521	1
0.064021	1
0.064521	1
0.065021	1
0.065522	1
0.066022	1
0.066522	1
0.067022	1
0.067522	1
0.068022	1
0.068523	1
0.069023	1
0.069523	1
0.070023	1
0.070523	1
0.071023	1
0.071524	1
0.072024	1
0.072524	1
0.073024	1
0.073524	1
0.074024	1
0.074525	1
0.075025	1
0.075525	1
0.076025	1
0.076525	1
0.077025	1
0.077526	1
0.078026	1
0.078526	1
0.079026	1
0.079526	1
0.080026	1
0.080527	1
0.081027	1
0.081527	1
0.082027	1
0.082527	1
0.083027	1
0.083528	1
0.084028	1
0.084528	1
0.085028	1
0.085528	1
0.086028	1
0.086529	1
0.087029	1
0.087529	1
0.088029	1
0.088529	1
0.089029	1
0.08953	1
0.09003	1
0.09053	1
0.09103	1
0.09153	1
0.09203	1
0.092531	1
0.093031	1
0.093531	1
0.094031	1
0.094531	1
0.095031	1
0.095532	1
0.096032	1
0.096532	1
0.097032	1
0.097532	1
0.098032	1
0.098533	1
0.099033	1
0.099533	1
0.10003	1
0.10053	1
0.10103	1
0.10153	1
0.10203	1
0.10253	1
0.10303	1
0.10353	1
0.10403	1
0.10453	1
0.10503	1
0.10553	1
0.10603	1
0.10654	1
0.10704	1
0.10754	1
0.10804	1
0.10854	1
0.10904	1
0.10954	1
0.11004	1
0.11054	1
0.11104	1
0.11154	1
0.11204	1
0.11254	1
0.11304	1
0.11354	1
0.11404	1
0.11454	1
0.11504	1
0.11554	1
0.11604	1
0.11654	1
0.11704	1
0.11754	1
0.11804	1
0.11854	1
0.11904	1
0.11954	1
0.12004	1
0.12054	1
0.12104	1
0.12154	1
0.12204	1
0.12254	1
0.12304	1
0.12354	1
0.12404	1
0.12454	1
0.12504	1
0.12554	1
0.12604	1
0.12654	1
0.12704	1
0.12754	1
0.12804	1
0.12854	1
0.12904	1
0.12954	1
0.13004	1
0.13054	1
0.13104	1
0.13154	1
0.13204	1
0.13254	1
0.13304	1
0.13354	1
0.13404	1
0.13454	1
0.13504	1
0.13554	1
0.13604	1
0.13655	1
0.13705	1
0.13755	1
0.13805	1
0.13855	1
0.13905	1
0.13955	1
0.14005	1
0.14055	1
0.14105	1
0.14155	1
0.14205	1
0.14255	1
0.14305	1
0.14355	1
0.14405	1
0.14455	1
0.14505	1
0.14555	1
0.14605	1
0.14655	1
0.14705	1
0.14755	1
0.14805	1
0.14855	1
0.14905	1
0.14955	1
0.15005	1
0.15055	1
0.15105	1
0.15155	1
0.15205	1
0.15255	1
0.15305	1
0.15355	1
0.15405	1
0.15455	1
0.15505	3
0.15555	3
0.15605	3
0.15655	3
0.15705	3
0.15755	3
0.15805	3
0.15855	3
0.15905	3
0.15955	3
0.16005	3
0.16055	3
0.16105	3
0.16155	3
0.16205	3
0.16255	3
0.16305	3
0.16355	3
0.16405	3
0.16455	3
0.16505	1
0.16555	1
0.16605	1
0.16655	1
0.16706	1
0.16756	1
0.16806	1
0.16856	1
0.16906	1
0.16956	1
0.17006	1
0.17056	1
0.17106	1
0.17156	1
0.17206	1
0.17256	1
0.17306	1
0.17356	1
0.17406	1
0.17456	1
0.17506	1
0.17556	1
0.17606	1
0.17656	1
0.17706	1
0.17756	1
0.17806	1
0.17856	1
0.17906	1
0.17956	1
0.18006	1
0.18056	1
0.18106	1
0.18156	1
0.18206	1
0.18256	1
0.18306	1
0.18356	1
0.18406	1
0.18456	1
0.18506	1
0.18556	1
0.18606	1
0.18656	1
0.18706	1
0.18756	1
0.18806	1
0.18856	1
0.18906	1
0.18956	1
0.19006	1
0.19056	1
0.19106	1
0.19156	1
0.19206	1
0.19256	1
0.19306	1
0.19356	1
0.19406	1
0.19456	1
0.19506	1
0.19556	1
0.19606	1
0.19656	1
0.19707	1
0.19757	1
0.19807	1
0.19857	1
0.19907	1
0.19957	1
0.20007	1
0.20057	1
0.20107	1
0.20157	1
0.20207	1
0.20257	1
0.20307	1
0.20357	1
0.20407	1
0.20457	1
0.20507	1
0.20557	1
0.20607	1
0.20657	1
0.20707	1
0.20757	1
0.20807	1
0.20857	1
0.20907	1
0.20957	1
0.21007	1
0.21057	1
0.21107	1
0.21157	1
0.21207	1
0.21257	1
0.21307	1
0.21357	1
0.21407	1
0.21457	1
0.21507	1
0.21557	1
0.21607	1
0.21657	1
0.21707	1
0.21757	1
0.21807	1
0.21857	1
0.21907	1
0.21957	1
0.22007	1
0.22057	1
0.22107	1
0.22157	1
0.22207	1
0.22257	1
0.22307	1
0.22357	1
0.22407	1
0.22457	1
0.22507	1
0.22557	1
0.22607	1
0.22657	1
0.22707	1
0.22758	1
0.22808	1
0.22858	1
0.22908	1
0.22958	1
0.23008	1
0.23058	1
0.23108	1
0.23158	1
0.23208	1
0.23258	1
0.23308	1
0.23358	1
0.23408	1
0.23458	1
0.23508	1
0.23558	1
0.23608	1
0.23658	1
0.23708	1
0.23758	1
0.23808	1
0.23858	1
0.23908	1
0.23958	1
0.24008	1
0.24058	1
0.24108	1
0.24158	1
0.24208	1
0.24258	1
0.24308	1
0.24358	1
0.24408	1
0.24458	1
0.24508	1
0.24558	1
0.24608	1
0.24658	1
0.24708	1
0.24758	1
0.24808	1
0.24858	1
0.24908	1
0.24958	1
0.25008	1
0.25058	3
0.25108	3
0.25158	3
0.25208	3
0.25258	3
0.25308	3
0.25358	3
0.25408	3
0.25458	3
0.25508	3
0.25558	3
0.25608	3
0.25658	3
0.25708	3
0.25758	3
0.25809	3
0.25859	3
0.25909	3
0.25959	3
0.26009	3
0.26059	3
0.26109	3
0.26159	3
0.26209	1
0.26259	1
0.26309	1
0.26359	1
0.26409	1
0.26459	1
0.26509	1
0.26559	1
0.26609	1
0.26659	1
0.26709	3
0.26759	3
0.26809	3
0.26859	1
0.26909	1
0.26959	1
0.27009	1
0.27059	1
0.27109	1
0.27159	1
0.27209	1
0.27259	1
0.27309	1
0.27359	1
0.27409	1
0.27459	1
0.27509	1
0.27559	1
0.27609	1
0.27659	1
0.27709	1
0.27759	1
0.27809	1
0.27859	1
0.27909	1
0.27959	1
0.28009	1
0.28059	1
0.28109	1
0.28159	1
0.28209	1
0.28259	1
0.28309	1
0.28359	1
0.28409	1
0.28459	1
0.28509	1
0.28559	1
0.28609	1
0.28659	1
0.28709	1
0.28759	1
0.2881	1
0.2886	1
0.2891	1
0.2896	1
0.2901	1
0.2906	1
0.2911	1
0.2916	1
0.2921	1
0.2926	1
0.2931	1
0.2936	1
0.2941	1
0.2946	1
0.2951	1
0.2956	1
0.2961	1
0.2966	1
0.2971	1
0.2976	1
0.2981	1
0.2986	1
0.2991	1
0.2996	1
0.3001	1
0.3006	3
0.3011	3
0.3016	3
0.3021	3
0.3026	3
0.3031	3
0.3036	3
0.3041	3
0.3046	3
0.3051	3
0.3056	3
0.3061	3
0.3066	3
0.3071	3
0.3076	3
0.3081	3
0.3086	3
0.3091	3
0.3096	3
0.3101	3
0.3106	3
0.3111	3
0.3116	3
0.3121	3
0.3126	3
0.3131	3
0.3136	3
0.3141	3
0.3146	3
0.3151	3
0.3156	3
0.3161	3
0.3166	3
0.3171	3
0.3176	3
0.3181	3
0.31861	3
0.31911	3
0.31961	3
0.32011	3
0.32061	3
0.32111	3
0.32161	3
0.32211	3
0.32261	3
0.32311	3
0.32361	3
0.32411	3
0.32461	3
0.32511	1
0.32561	1
0.32611	1
0.32661	1
0.32711	1
0.32761	1
0.32811	1
0.32861	1
0.32911	1
0.32961	1
0.33011	1
0.33061	1
0.33111	1
0.33161	1
0.33211	1
0.33261	1
0.33311	1
0.33361	1
0.33411	1
0.33461	1
0.33511	1
0.33561	1
0.33611	1
0.33661	1
0.33711	1
0.33761	1
0.33811	1
0.33861	1
0.33911	1
0.33961	1
0.34011	1
0.34061	1
0.34111	1
0.34161	1
0.34211	1
0.34261	1
0.34311	1
0.34361	1
0.34411	1
0.34461	1
0.34511	1
0.34561	1
0.34611	1
0.34661	1
0.34711	1
0.34761	1
0.34811	3
0.34862	3
0.34912	3
0.34962	3
0.35012	1
0.35062	1
0.35112	1
0.35162	1
0.35212	1
0.35262	1
0.35312	1
0.35362	1
0.35412	1
0.35462	1
0.35512	1
0.35562	1
0.35612	1
0.35662	1
0.35712	1
0.35762	1
0.35812	1
0.35862	1
0.35912	1
0.35962	1
0.36012	1
0.36062	1
0.36112	1
0.36162	1
0.36212	1
0.36262	1
0.36312	1
0.36362	1
0.36412	1
0.36462	1
0.36512	1
0.36562	1
0.36612	1
0.36662	1
0.36712	1
0.36762	1
0.36812	1
0.36862	1
0.36912	1
0.36962	1
0.37012	1
0.37062	1
0.37112	1
0.37162	1
0.37212	1
0.37262	1
0.37312	1
0.37362	1
0.37412	1
0.37462	1
0.37512	1
0.37562	1
0.37612	1
0.37662	1
0.37712	1
0.37762	1
0.37812	1
0.37862	1
0.37913	1
0.37963	1
0.38013	1
0.38063	1
0.38113	1
0.38163	1
0.38213	1
0.38263	1
0.38313	1
0.38363	1
0.38413	1
0.38463	1
0.38513	1
0.38563	1
0.38613	1
0.38663	1
0.38713	1
0.38763	1
0.38813	1
0.38863	1
0.38913	1
0.38963	1
0.39013	1
0.39063	1
0.39113	1
0.39163	1
0.39213	1
0.39263	1
0.39313	1
0.39363	1
0.39413	1
0.39463	1
0.39513	1
0.39563	1
0.39613	1
0.39663	1
0.39713	1
0.39763	1
0.39813	1
0.39863	1
0.39913	1
0.39963	1
0.40013	1
0.40063	1
0.40113	1
0.40163	1
0.40213	1
0.40263	1
0.40313	1
0.40363	1
0.40413	1
0.40463	1
0.40513	1
0.40563	1
0.40613	1
0.40663	1
0.40713	1
0.40763	1
0.40813	1
0.40863	1
0.40913	1
0.40964	1
0.41014	1
0.41064	1
0.41114	1
0.41164	1
0.41214	1
0.41264	1
0.41314	1
0.41364	1
0.41414	1
0.41464	1
0.41514	1
0.41564	1
0.41614	1
0.41664	1
0.41714	1
0.41764	1
0.41814	1
0.41864	1
0.41914	1
0.41964	1
0.42014	1
0.42064	1
0.42114	1
0.42164	1
0.42214	1
0.42264	1
0.42314	1
0.42364	1
0.42414	1
0.42464	1
0.42514	1
0.42564	1
0.42614	1
0.42664	1
0.42714	1
0.42764	1
0.42814	1
0.42864	1
0.42914	1
0.42964	1
0.43014	1
0.43064	1
0.43114	1
0.43164	1
0.43214	1
0.43264	1
0.43314	1
0.43364	1
0.43414	1
0.43464	1
0.43514	1
0.43564	1
0.43614	1
0.43664	1
0.43714	1
0.43764	1
0.43814	1
0.43864	1
0.43914	1
0.43965	1
0.44015	1
0.44065	1
0.44115	1
0.44165	1
0.44215	1
0.44265	1
0.44315	1
0.44365	1
0.44415	1
0.44465	1
0.44515	1
0.44565	1
0.44615	1
0.44665	1
0.44715	1
0.44765	1
0.44815	1
0.44865	1
0.44915	1
0.44965	1
0.45015	1
0.45065	1
0.45115	1
0.45165	3
0.45215	3
0.45265	1
0.45315	1
0.45365	1
0.45415	1
0.45465	1
0.45515	1
0.45565	1
0.45615	1
0.45665	1
0.45715	1
0.45765	1
0.45815	1
0.45865	1
0.45915	1
0.45965	1
0.46015	1
0.46065	1
0.46115	1
0.46165	1
0.46215	1
0.46265	1
0.46315	1
0.46365	1
0.46415	1
0.46465	1
0.46515	1
0.46565	3
0.46615	3
0.46665	1
0.46715	1
0.46765	1
0.46815	1
0.46865	1
0.46915	1
0.46965	1
0.47016	1
0.47066	1
0.47116	1
0.47166	1
0.47216	1
0.47266	1
0.47316	1
0.47366	1
0.47416	1
0.47466	1
0.47516	1
0.47566	1
0.47616	1
0.47666	1
0.47716	1
0.47766	1
0.47816	1
0.47866	1
0.47916	1
0.47966	1
0.48016	1
0.48066	1
0.48116	1
0.48166	1
0.48216	3
0.48266	3
0.48316	3
0.48366	3
0.48416	3
0.48466	3
0.48516	3
0.48566	3
0.48616	3
0.48666	3
0.48716	3
0.48766	3
0.48816	3
0.48866	3
0.48916	3
0.48966	3
0.49016	3
0.49066	3
0.49116	3
0.49166	3
0.49216	3
0.49266	3
0.49316	3
0.49366	3
0.49416	3
0.49466	3
0.49516	3
0.49566	3
0.49616	3
0.49666	3
0.49716	3
0.49766	3
0.49816	3
0.49866	3
0.49916	3
0.49966	1
0.50017	1
0.50067	3
0.50117	3
0.50167	3
0.50217	3
0.50267	3
0.50317	3
0.50367	3
0.50417	3
0.50467	3
0.50517	3
0.50567	3
0.50617	3
0.50667	3
0.50717	3
0.50767	3
0.50817	3
0.50867	3
0.50917	3
0.50967	3
0.51017	3
0.51067	3
0.51117	3
0.51167	3
0.51217	3
0.51267	2
0.51317	2
0.51367	2
0.51417	2
0.51467	2
0.51517	2
0.51567	2
0.51617	2
0.51667	2
0.51717	2
0.51767	2
0.51817	2
0.51867	2
0.51917	2
0.51967	2
0.52017	2
0.52067	2
0.52117	2
0.52167	2
0.52217	2
0.52267	2
0.52317	2
0.52367	2
0.52417	2
0.52467	2
0.52517	2
0.52567	2
0.52617	2
0.52667	2
0.52717	2
0.52767	2
0.52817	2
0.52867	2
0.52917	2
0.52967	2
0.53017	2
0.53068	2
0.53118	2
0.53168	2
0.53218	2
0.53268	2
0.53318	2
0.53368	2
0.53418	2
0.53468	2
0.53518	2
0.53568	2
0.53618	2
0.53668	2
0.53718	2
0.53768	2
0.53818	2
0.53868	2
0.53918	2
0.53968	2
0.54018	2
0.54068	2
0.54118	2
0.54168	2
0.54218	2
0.54268	2
0.54318	2
0.54368	2
0.54418	2
0.54468	2
0.54518	2
0.54568	2
0.54618	2
0.54668	2
0.54718	2
0.54768	2
0.54818	2
0.54868	2
0.54918	2
0.54968	2
0.55018	2
0.55068	2
0.55118	2
0.55168	2
0.55218	2
0.55268	2
0.55318	2
0.55368	2
0.55418	2
0.55468	2
0.55518	2
0.55568	2
0.55618	2
0.55668	2
0.55718	2
0.55768	2
0.55818	2
0.55868	2
0.55918	2
0.55968	2
0.56018	2
0.56068	2
0.56119	2
0.56169	2
0.56219	2
0.56269	2
0.56319	2
0.56369	2
0.56419	2
0.56469	2
0.56519	2
0.56569	2
0.56619	2
0.56669	2
0.56719	2
0.56769	2
0.56819	2
0.56869	2
0.56919	2
0.56969	2
0.57019	2
0.57069	2
0.57119	2
0.57169	2
0.57219	2
0.57269	2
0.57319	2
0.57369	2
0.57419	2
0.57469	2
0.57519	2
0.57569	2
0.57619	2
0.57669	2
0.57719	2
0.57769	2
0.57819	2
0.57869	2
0.57919	2
0.57969	2
0.58019	2
0.58069	2
0.58119	2
0.58169	2
0.58219	2
0.58269	2
0.58319	2
0.58369	2
0.58419	2
0.58469	2
0.58519	2
0.58569	2
0.58619	2
0.58669	2
0.58719	2
0.58769	2
0.58819	2
0.58869	2
0.58919	2
0.58969	2
0.59019	2
0.59069	2
0.5912	2
0.5917	2
0.5922	2
0.5927	2
0.5932	2
0.5937	2
0.5942	2
0.5947	2
0.5952	2
0.5957	2
0.5962	2
0.5967	2
0.5972	2
0.5977	2
0.5982	2
0.5987	2
0.5992	2
0.5997	2
0.6002	2
0.6007	2
0.6012	2
0.6017	2
0.6022	2
0.6027	2
0.6032	2
0.6037	2
0.6042	2
0.6047	2
0.6052	2
0.6057	2
0.6062	2
0.6067	2
0.6072	2
0.6077	2
0.6082	2
0.6087	2
0.6092	2
0.6097	2
0.6102	2
0.6107	2
0.6112	2
0.6117	2
0.6122	2
0.6127	2
0.6132	2
0.6137	2
0.6142	2
0.6147	2
0.6152	2
0.6157	2
0.6162	2
0.6167	2
0.6172	2
0.6177	2
0.6182	2
0.6187	2
0.6192	2
0.6197	2
0.6202	2
0.6207	2
0.6212	2
0.62171	2
0.62221	2
0.62271	2
0.62321	2
0.62371	2
0.62421	2
0.62471	2
0.62521	2
0.62571	2
0.62621	2
0.62671	2
0.62721	2
0.62771	2
0.62821	2
0.62871	2
0.62921	2
0.62971	2
0.63021	2
0.63071	2
0.63121	2
0.63171	2
0.63221	2
0.63271	2
0.63321	2
0.63371	2
0.63421	2
0.63471	2
0.63521	2
0.63571	2
0.63621	2
0.63671	2
0.63721	2
0.63771	2
0.63821	2
0.63871	2
0.63921	2
0.63971	2
0.64021	2
0.64071	2
0.64121	2
0.64171	1
0.64221	1
0.64271	3
0.64321	3
0.64371	3
0.64421	3
0.64471	1
0.64521	1
0.64571	1
0.64621	1
0.64671	1
0.64721	1
0.64771	1
0.64821	1
0.64871	1
0.64921	1
0.64971	1
0.65021	1
0.65071	1
0.65121	1
0.65172	1
0.65222	1
0.65272	1
0.65322	1
0.65372	1
0.65422	1
0.65472	1
0.65522	1
0.65572	1
0.65622	1
0.65672	1
0.65722	1
0.65772	1
0.65822	1
0.65872	1
0.65922	1
0.65972	1
0.66022	1
0.66072	1
0.66122	1
0.66172	1
0.66222	1
0.66272	1
0.66322	1
0.66372	1
0.66422	1
0.66472	1
0.66522	1
0.66572	1
0.66622	1
0.66672	1
0.66722	1
0.66772	1
0.66822	1
0.66872	1
0.66922	1
0.66972	1
0.67022	1
0.67072	1
0.67122	1
0.67172	1
0.67222	1
0.67272	1
0.67322	1
0.67372	1
0.67422	1
0.67472	1
0.67522	1
0.67572	1
0.67622	1
0.67672	1
0.67722	1
0.67772	1
0.67822	1
0.67872	1
0.67922	1
0.67972	1
0.68022	1
0.68072	1
0.68122	1
0.68172	1
0.68223	3
0.68273	3
0.68323	1
0.68373	1
0.68423	1
0.68473	1
0.68523	1
0.68573	1
0.68623	1
0.68673	1
0.68723	1
0.68773	1
0.68823	1
0.68873	1
0.68923	1
0.68973	1
0.69023	1
0.69073	1
0.69123	1
0.69173	1
0.69223	1
0.69273	1
0.69323	1
0.69373	1
0.69423	1
0.69473	1
0.69523	1
0.69573	1
0.69623	1
0.69673	1
0.69723	1
0.69773	1
0.69823	1
0.69873	1
0.69923	1
0.69973	1
0.70023	1
0.70073	1
0.70123	1
0.70173	3
0.70223	3
0.70273	3
0.70323	3
0.70373	3
0.70423	3
0.70473	3
0.70523	3
0.70573	1
0.70623	1
0.70673	3
0.70723	3
0.70773	3
0.70823	3
0.70873	3
0.70923	3
0.70973	3
0.71023	3
0.71073	3
0.71123	3
0.71173	3
0.71223	3
0.71274	3
0.71324	3
0.71374	3
0.71424	3
0.71474	3
0.71524	1
0.71574	1
0.71624	1
0.71674	1
0.71724	1
0.71774	1
0.71824	1
0.71874	1
0.71924	1
0.71974	1
0.72024	1
0.72074	1
0.72124	1
0.72174	1
0.72224	1
0.72274	1
0.72324	1
0.72374	1
0.72424	1
0.72474	1
0.72524	3
0.72574	3
0.72624	3
0.72674	3
0.72724	3
0.72774	3
0.72824	3
0.72874	3
0.72924	3
0.72974	3
0.73024	3
0.73074	3
0.73124	1
0.73174	1
0.73224	1
0.73274	3
0.73324	3
0.73374	3
0.73424	3
0.73474	3
0.73524	3
0.73574	3
0.73624	3
0.73674	3
0.73724	3
0.73774	3
0.73824	3
0.73874	3
0.73924	3
0.73974	3
0.74024	3
0.74074	3
0.74124	3
0.74174	3
0.74224	3
0.74275	3
0.74325	1
0.74375	1
0.74425	1
0.74475	1
0.74525	1
0.74575	1
0.74625	3
0.74675	3
0.74725	3
0.74775	3
0.74825	3
0.74875	3
0.74925	1
0.74975	1
0.75025	3
0.75075	3
0.75125	3
0.75175	3
0.75225	3
0.75275	3
0.75325	3
0.75375	3
0.75425	3
0.75475	3
0.75525	3
0.75575	3
0.75625	3
0.75675	3
0.75725	3
0.75775	1
0.75825	1
0.75875	1
0.75925	3
0.75975	3
0.76025	3
0.76075	3
0.76125	3
0.76175	3
0.76225	3
0.76275	3
0.76325	3
0.76375	3
0.76425	1
0.76475	1
0.76525	3
0.76575	3
0.76625	3
0.76675	3
0.76725	1
0.76775	1
0.76825	1
0.76875	1
0.76925	1
0.76975	1
0.77025	1
0.77075	1
0.77125	3
0.77175	3
0.77225	3
0.77275	3
0.77326	1
0.77376	1
0.77426	1
0.77476	1
0.77526	1
0.77576	1
0.77626	1
0.77676	1
0.77726	1
0.77776	3
0.77826	3
0.77876	3
0.77926	3
0.77976	3
0.78026	3
0.78076	3
0.78126	3
0.78176	3
0.78226	3
0.78276	3
0.78326	3
0.78376	3
0.78426	3
0.78476	3
0.78526	3
0.78576	3
0.78626	3
0.78676	3
0.78726	3
0.78776	3
0.78826	3
0.78876	3
0.78926	1
0.78976	1
0.79026	1
0.79076	1
0.79126	1
0.79176	1
0.79226	1
0.79276	1
0.79326	1
0.79376	1
0.79426	1
0.79476	1
0.79526	1
0.79576	1
0.79626	1
0.79676	1
0.79726	1
0.79776	1
0.79826	1
0.79876	1
0.79926	1
0.79976	1
0.80026	1
0.80076	1
0.80126	1
0.80176	1
0.80226	1
0.80276	1
0.80327	1
0.80377	1
0.80427	1
0.80477	1
0.80527	1
0.80577	1
0.80627	1
0.80677	1
0.80727	1
0.80777	1
0.80827	1
0.80877	1
0.80927	1
0.80977	1
0.81027	3
0.81077	3
0.81127	1
0.81177	3
0.81227	3
0.81277	3
0.81327	3
0.81377	3
0.81427	3
0.81477	3
0.81527	3
0.81577	3
0.81627	3
0.81677	3
0.81727	3
0.81777	3
0.81827	1
0.81877	3
0.81927	3
0.81977	3
0.82027	3
0.82077	3
0.82127	3
0.82177	3
0.82227	3
0.82277	3
0.82327	3
0.82377	3
0.82427	3
0.82477	3
0.82527	3
0.82577	3
0.82627	3
0.82677	1
0.82727	1
0.82777	1
0.82827	3
0.82877	3
0.82927	3
0.82977	3
0.83027	1
0.83077	1
0.83127	1
0.83177	1
0.83227	3
0.83277	3
0.83327	3
0.83378	3
0.83428	3
0.83478	3
0.83528	3
0.83578	3
0.83628	1
0.83678	1
0.83728	1
0.83778	3
0.83828	3
0.83878	3
0.83928	3
0.83978	3
0.84028	3
0.84078	3
0.84128	3
0.84178	3
0.84228	3
0.84278	3
0.84328	3
0.84378	3
0.84428	3
0.84478	3
0.84528	3
0.84578	3
0.84628	3
0.84678	3
0.84728	3
0.84778	3
0.84828	3
0.84878	3
0.84928	3
0.84978	3
0.85028	3
0.85078	3
0.85128	3
0.85178	3
0.85228	3
0.85278	3
0.85328	3
0.85378	3
0.85428	3
0.85478	3
0.85528	3
0.85578	3
0.85628	3
0.85678	3
0.85728	3
0.85778	3
0.85828	3
0.85878	3
0.85928	3
0.85978	3
0.86028	3
0.86078	3
0.86128	3
0.86178	3
0.86228	3
0.86278	3
0.86328	3
0.86378	3
0.86429	3
0.86479	3
0.86529	3
0.86579	3
0.86629	3
0.86679	3
0.86729	3
0.86779	3
0.86829	3
0.86879	3
0.86929	3
0.86979	3
0.87029	3
0.87079	3
0.87129	3
0.87179	3
0.87229	3
0.87279	1
0.87329	3
0.87379	3
0.87429	3
0.87479	3
0.87529	3
0.87579	3
0.87629	3
0.87679	3
0.87729	3
0.87779	3
0.87829	3
0.87879	3
0.87929	3
0.87979	3
0.88029	3
0.88079	3
0.88129	3
0.88179	3
0.88229	3
0.88279	3
0.88329	3
0.88379	3
0.88429	3
0.88479	3
0.88529	3
0.88579	3
0.88629	3
0.88679	3
0.88729	3
0.88779	3
0.88829	3
0.88879	3
0.88929	3
0.88979	3
0.89029	3
0.89079	1
0.89129	1
0.89179	3
0.89229	3
0.89279	3
0.89329	3
0.89379	3
0.8943	3
0.8948	3
0.8953	3
0.8958	1
0.8963	1
0.8968	3
0.8973	3
0.8978	3
0.8983	3
0.8988	3
0.8993	3
0.8998	3
0.9003	3
0.9008	3
0.9013	3
0.9018	3
0.9023	3
0.9028	3
0.9033	3
0.9038	3
0.9043	3
0.9048	3
0.9053	3
0.9058	3
0.9063	3
0.9068	3
0.9073	3
0.9078	1
0.9083	1
0.9088	1
0.9093	1
0.9098	1
0.9103	1
0.9108	1
0.9113	1
0.9118	1
0.9123	1
0.9128	1
0.9133	1
0.9138	1
0.9143	1
0.9148	1
0.9153	1
0.9158	1
0.9163	1
0.9168	3
0.9173	3
0.9178	3
0.9183	3
0.9188	3
0.9193	3
0.9198	3
0.9203	3
0.9208	3
0.9213	3
0.9218	3
0.9223	3
0.9228	3
0.9233	3
0.9238	3
0.9243	3
0.92481	3
0.92531	3
0.92581	3
0.92631	3
0.92681	3
0.92731	3
0.92781	3
0.92831	3
0.92881	3
0.92931	3
0.92981	3
0.93031	3
0.93081	3
0.93131	3
0.93181	3
0.93231	3
0.93281	3
0.93331	1
0.93381	1
0.93431	1
0.93481	1
0.93531	1
0.93581	1
0.93631	1
0.93681	1
0.93731	1
0.93781	1
0.93831	1
0.93881	1
0.93931	1
0.93981	1
0.94031	1
0.94081	1
0.94131	1
0.94181	1
0.94231	1
0.94281	1
0.94331	1
0.94381	1
0.94431	1
0.94481	1
0.94531	1
0.94581	1
0.94631	1
0.94681	1
0.94731	1
0.94781	1
0.94831	1
0.94881	1
0.94931	1
0.94981	1
0.95031	1
0.95081	1
0.95131	1
0.95181	1
0.95231	1
0.95281	1
0.95331	1
0.95381	1
0.95431	1
0.95482	3
0.95532	3
0.95582	3
0.95632	3
0.95682	3
0.95732	3
0.95782	3
0.95832	3
0.95882	3
0.95932	3
0.95982	3
0.96032	3
0.96082	1
0.96132	1
0.96182	1
0.96232	1
0.96282	1
0.96332	1
0.96382	1
0.96432	1
0.96482	1
0.96532	3
0.96582	1
0.96632	1
0.96682	3
0.96732	3
0.96782	3
0.96832	3
0.96882	1
0.96932	1
0.96982	1
0.97032	1
0.97082	1
0.97132	1
0.97182	1
0.97232	1
0.97282	1
0.97332	1
0.97382	1
0.97432	1
0.97482	1
0.97532	1
0.97582	1
0.97632	1
0.97682	1
0.97732	1
0.97782	1
0.97832	1
0.97882	1
0.97932	1
0.97982	1
0.98032	1
0.98082	1
0.98132	1
0.98182	3
0.98232	3
0.98282	3
0.98332	1
0.98382	1
0.98432	1
0.98482	1
0.98533	1
0.98583	1
0.98633	1
0.98683	1
0.98733	1
0.98783	3
0.98833	3
0.98883	3
0.98933	3
0.98983	3
0.99033	3
0.99083	1
0.99133	1
0.99183	1
0.99233	1
0.99283	2
0.99333	2
0.99383	2
0.99433	2
0.99483	2
0.99533	2
0.99583	2
0.99633	2
0.99683	2
0.99733	2
0.99783	2
0.99833	2
0.99883	2
0.99933	2
0.99983	2
1.0003	2
1.0008	2
1.0013	2
1.0018	2
1.0023	2
1.0028	2
1.0033	2
1.0038	2
1.0043	2
1.0048	2
1.0053	2
1.0058	2
1.0063	2
1.0068	2
1.0073	2
1.0078	2
1.0083	2
1.0088	2
1.0093	2
1.0098	2
1.0103	2
1.0108	2
1.0113	2
1.0118	2
1.0123	2
1.0128	2
1.0133	2
1.0138	2
1.0143	2
1.0148	2
1.0153	2
1.0158	2
1.0163	2
1.0168	2
1.0173	2
1.0178	2
1.0183	2
1.0188	2
1.0193	2
1.0198	2
1.0203	2
1.0208	2
1.0213	2
1.0218	2
1.0223	2
1.0228	2
1.0233	2
1.0238	2
1.0243	2
1.0248	2
1.0253	2
1.0258	2
1.0263	2
1.0268	2
1.0273	2
1.0278	2
1.0283	2
1.0288	2
1.0293	2
1.0298	2
1.0303	2
1.0308	2
1.0313	2
1.0318	2
1.0323	2
1.0328	2
1.0333	2
1.0338	2
1.0343	2
1.0348	2
1.0353	2
1.0358	2
1.0363	2
1.0368	2
1.0373	2
1.0378	2
1.0383	2
1.0388	2
1.0393	2
1.0398	2
1.0403	2
1.0408	2
1.0413	2
1.0418	2
1.0423	2
1.0428	2
1.0433	2
1.0438	2
1.0443	2
1.0448	2
1.0453	2
1.0458	2
1.0463	2
1.0468	2
1.0473	2
1.0478	2
1.0483	2
1.0488	2
1.0493	2
1.0498	2
1.0503	2
1.0508	2
1.0513	2
1.0518	2
1.0523	2
1.0528	2
1.0533	2
1.0538	2
1.0543	2
1.0548	2
1.0553	2
1.0558	2
1.0563	2
1.0568	2
1.0573	2
1.0578	2
1.0583	2
1.0588	2
1.0593	2
1.0598	2
1.0603	2
1.0609	2
1.0614	2
1.0619	2
1.0624	2
1.0629	2
1.0634	2
1.0639	2
1.0644	2
1.0649	2
1.0654	2
1.0659	2
1.0664	2
1.0669	2
1.0674	2
1.0679	2
1.0684	2
1.0689	2
1.0694	2
1.0699	2
1.0704	2
1.0709	2
1.0714	2
1.0719	2
1.0724	2
1.0729	2
1.0734	2
1.0739	2
1.0744	2
1.0749	2
1.0754	2
1.0759	2
1.0764	2
1.0769	2
1.0774	2
1.0779	2
1.0784	2
1.0789	2
1.0794	2
1.0799	2
1.0804	2
1.0809	2
1.0814	2
1.0819	2
1.0824	2
1.0829	2
1.0834	2
1.0839	2
1.0844	2
1.0849	2
1.0854	2
1.0859	1
1.0864	1
1.0869	1
1.0874	1
1.0879	1
1.0884	1
1.0889	1
1.0894	1
1.0899	1
1.0904	1
1.0909	1
1.0914	1
1.0919	1
1.0924	1
1.0929	1
1.0934	1
1.0939	1
1.0944	1
1.0949	1
1.0954	1
1.0959	1
1.0964	1
1.0969	1
1.0974	2
1.0979	2
1.0984	2
1.0989	2
1.0994	2
1.0999	2
1.1004	2
1.1009	2
1.1014	2
1.1019	2
1.1024	2
1.1029	2
1.1034	2
1.1039	2
1.1044	2
1.1049	2
1.1054	2
1.1059	2
1.1064	2
1.1069	2
1.1074	2
1.1079	2
1.1084	2
1.1089	2
1.1094	2
1.1099	2
1.1104	2
1.1109	2
1.1114	2
1.1119	2
1.1124	2
1.1129	2
1.1134	2
1.1139	2
1.1144	2
1.1149	2
1.1154	2
1.1159	2
1.1164	2
1.1169	2
1.1174	2
1.1179	2
1.1184	2
1.1189	2
1.1194	2
1.1199	2
1.1204	2
1.1209	2
1.1214	2
1.1219	2
1.1224	2
1.1229	2
1.1234	2
1.1239	2
1.1244	2
1.1249	2
1.1254	2
1.1259	2
1.1264	2
1.1269	2
1.1274	2
1.1279	2
1.1284	2
1.1289	2
1.1294	2
1.1299	2
1.1304	2
1.1309	2
1.1314	2
1.1319	2
1.1324	2
1.1329	2
1.1334	2
1.1339	2
1.1344	2
1.1349	2
1.1354	2
1.1359	2
1.1364	2
1.1369	2
1.1374	2
1.1379	2
1.1384	2
1.1389	2
1.1394	2
1.1399	2
1.1404	2
1.1409	2
1.1414	2
1.1419	2
1.1424	2
1.1429	2
1.1434	2
1.1439	2
1.1444	2
1.1449	2
1.1454	2
1.1459	2
1.1464	2
1.1469	2
1.1474	2
1.1479	2
1.1484	2
1.1489	2
1.1494	2
1.1499	2
1.1504	2
1.1509	2
1.1514	2
1.1519	2
1.1524	2
1.1529	2
1.1534	2
1.1539	2
1.1544	2
1.1549	2
1.1554	1
1.1559	1
1.1564	1
1.1569	2
1.1574	2
1.1579	2
1.1584	2
1.1589	2
1.1594	2
1.1599	2
1.1604	2
1.1609	2
1.1614	2
1.1619	2
1.1624	2
1.1629	2
1.1634	2
1.1639	2
1.1644	2
1.1649	2
1.1654	2
1.1659	2
1.1664	2
1.1669	2
1.1674	2
1.1679	2
1.1684	2
1.1689	3
1.1694	3
1.1699	2
1.1704	2
1.1709	2
1.1714	2
1.1719	2
1.1724	2
1.1729	2
1.1734	2
1.1739	2
1.1744	2
1.1749	2
1.1754	2
1.1759	2
1.1764	2
1.1769	2
1.1774	2
1.1779	2
1.1784	2
1.1789	2
1.1794	2
1.1799	2
1.1804	2
1.1809	2
1.1814	2
1.1819	2
1.1824	2
1.1829	2
1.1834	2
1.1839	2
1.1844	2
1.1849	2
1.1854	2
1.1859	2
1.1864	2
1.1869	2
1.1874	2
1.1879	2
1.1884	2
1.1889	2
1.1894	2
1.1899	2
1.1904	2
1.1909	2
1.1914	2
1.1919	2
1.1924	2
1.1929	2
1.1934	2
1.1939	2
1.1944	2
1.1949	2
1.1954	2
1.1959	2
1.1964	2
1.1969	2
1.1974	2
1.1979	2
1.1984	2
1.1989	2
1.1994	2
1.1999	2
1.2004	2
1.2009	2
1.2014	2
1.2019	2
1.2024	2
1.2029	2
1.2034	2
1.2039	2
1.2044	2
1.2049	2
1.2054	2
1.2059	2
1.2064	2
1.2069	2
1.2074	2
1.2079	2
1.2084	2
1.2089	2
1.2094	2
1.2099	2
1.2104	2
1.2109	2
1.2114	2
1.2119	2
1.2124	2
1.2129	2
1.2134	2
1.2139	2
1.2144	2
1.2149	2
1.2154	2
1.2159	2
1.2164	2
1.2169	2
1.2174	2
1.2179	2
1.2184	2
1.2189	2
1.2194	2
1.2199	2
1.2204	2
1.2209	2
1.2214	2
1.2219	2
1.2224	2
1.2229	2
1.2234	2
1.2239	2
1.2244	2
1.2249	2
1.2254	2
1.2259	2
1.2264	2
1.2269	2
1.2274	2
1.2279	2
1.2284	2
1.2289	2
1.2294	2
1.2299	2
1.2304	2
1.2309	2
1.2314	2
1.2319	2
1.2324	2
1.2329	2
1.2334	2
1.2339	2
1.2344	2
1.2349	2
1.2354	2
1.2359	2
1.2364	2
1.2369	2
1.2374	2
1.2379	2
1.2384	2
1.2389	2
1.2394	2
1.2399	2
1.2404	2
1.2409	2
1.2414	2
1.2419	2
1.2424	2
1.2429	2
1.2434	2
1.2439	2
1.2444	2
1.2449	2
1.2454	2
1.2459	2
1.2464	2
1.2469	2
1.2474	2
1.2479	2
1.2484	2
1.2489	2
1.2494	2
1.2499	2
1.2504	2
1.2509	2
1.2514	2
1.2519	2
1.2524	2
1.2529	2
1.2534	2
1.2539	2
1.2544	2
1.2549	2
1.2554	2
1.2559	2
1.2564	2
1.2569	2
1.2574	2
1.2579	2
1.2584	2
1.2589	2
1.2594	2
1.2599	2
1.2604	2
1.2609	2
1.2614	2
1.2619	2
1.2624	2
1.2629	2
1.2634	2
1.2639	2
1.2644	2
1.2649	2
1.2654	2
1.2659	2
1.2664	2
1.2669	2
1.2674	2
1.2679	2
1.2684	2
1.2689	2
1.2694	2
1.2699	2
1.2704	2
1.2709	2
1.2714	2
1.2719	2
1.2724	2
1.2729	2
1.2734	2
1.2739	2
1.2744	2
1.2749	2
1.2754	2
1.2759	2
1.2764	2
1.2769	2
1.2774	2
1.2779	2
1.2784	2
1.2789	2
1.2794	2
1.2799	2
1.2804	2
1.2809	2
1.2814	2
1.2819	2
1.2824	2
1.2829	2
1.2834	2
1.2839	2
1.2844	2
1.2849	2
1.2854	2
1.2859	2
1.2864	2
1.2869	2
1.2874	2
1.2879	2
1.2884	2
1.2889	2
1.2894	2
1.2899	2
1.2904	2
1.2909	2
1.2914	2
1.2919	2
1.2924	2
1.2929	2
1.2934	2
1.2939	2
1.2944	2
1.2949	2
1.2954	2
1.2959	2
1.2964	2
1.2969	2
1.2974	2
1.2979	2
1.2984	2
1.2989	1
1.2994	1
1.2999	1
1.3004	1
1.3009	1
1.3014	1
1.3019	1
1.3024	1
1.3029	1
1.3034	1
1.3039	1
1.3044	1
1.3049	1
1.3054	1
1.3059	1
1.3064	1
1.3069	1
1.3074	1
1.3079	1
1.3084	1
1.3089	1
1.3094	1
1.3099	1
1.3104	1
1.3109	1
1.3114	1
1.3119	1
1.3124	1
1.3129	1
1.3134	1
1.3139	1
1.3144	1
1.3149	1
1.3154	1
1.3159	1
1.3164	1
1.3169	1
1.3174	1
1.3179	1
1.3184	1
1.3189	1
1.3194	1
1.3199	1
1.3204	1
1.3209	1
1.3214	1
1.3219	1
1.3224	1
1.3229	1
1.3234	1
1.3239	1
1.3244	1
1.3249	1
1.3254	1
1.3259	1
1.3264	1
1.3269	1
1.3274	1
1.3279	1
1.3284	1
1.3289	1
1.3294	1
1.3299	1
1.3304	1
1.3309	1
1.3314	1
1.3319	1
1.3324	1
1.3329	1
1.3334	1
1.3339	1
1.3344	1
1.3349	3
1.3354	1
1.3359	1
1.3364	1
1.3369	1
1.3374	1
1.3379	1
1.3384	1
1.3389	3
1.3394	3
1.3399	3
1.3404	3
1.3409	3
1.3414	3
1.3419	3
1.3424	3
1.3429	3
1.3434	3
1.3439	3
1.3444	3
1.3449	3
1.3454	3
1.3459	3
1.3464	3
1.3469	3
1.3474	3
1.3479	3
1.3484	3
1.3489	3
1.3494	3
1.3499	3
1.3504	3
1.3509	3
1.3514	3
1.3519	3
1.3524	3
1.3529	3
1.3534	3
1.3539	3
1.3544	3
1.3549	3
1.3554	3
1.3559	3
1.3564	3
1.3569	1
1.3574	3
1.3579	3
1.3584	3
1.3589	3
1.3594	3
1.3599	3
1.3604	1
1.3609	1
1.3614	3
1.3619	3
1.3624	3
1.3629	3
1.3634	1
1.3639	1
1.3645	1
1.365	1
1.3655	1
1.366	1
1.3665	1
1.367	1
1.3675	1
1.368	1
1.3685	1
1.369	1
1.3695	1
1.37	1
1.3705	1
1.371	1
1.3715	1
1.372	1
1.3725	1
1.373	1
1.3735	1
1.374	1
1.3745	1
1.375	1
1.3755	1
1.376	1
1.3765	1
1.377	1
1.3775	1
1.378	1
1.3785	1
1.379	1
1.3795	1
1.38	1
1.3805	1
1.381	1
1.3815	1
1.382	1
1.3825	1
1.383	1
1.3835	1
1.384	1
1.3845	1
1.385	1
1.3855	1
1.386	1
1.3865	1
1.387	1
1.3875	1
1.388	1
1.3885	1
1.389	1
1.3895	1
1.39	1
1.3905	1
1.391	1
1.3915	1
1.392	3
1.3925	3
1.393	1
1.3935	1
1.394	3
1.3945	3
1.395	3
1.3955	3
1.396	1
1.3965	1
1.397	1
1.3975	1
1.398	1
1.3985	3
1.399	3
1.3995	3
1.4	3
1.4005	3
1.401	3
1.4015	1
1.402	1
1.4025	1
1.403	1
1.4035	1
1.404	1
1.4045	1
1.405	3
1.4055	3
1.406	3
1.4065	3
1.407	3
1.4075	3
1.408	3
1.4085	3
1.409	3
1.4095	3
1.41	3
1.4105	3
1.411	3
1.4115	3
1.412	3
1.4125	3
1.413	3
1.4135	3
1.414	3
1.4145	3
1.415	3
1.4155	3
1.416	3
1.4165	3
1.417	3
1.4175	3
1.418	3
1.4185	3
1.419	3
1.4195	3
1.42	3
1.4205	3
1.421	3
1.4215	3
1.422	3
1.4225	3
1.423	3
1.4235	3
1.424	3
1.4245	3
1.425	3
1.4255	3
1.426	3
1.4265	1
1.427	1
1.4275	1
1.428	1
1.4285	1
1.429	1
1.4295	1
1.43	1
1.4305	1
1.431	3
1.4315	1
1.432	1
1.4325	1
1.433	1
1.4335	1
1.434	1
1.4345	1
1.435	1
1.4355	1
1.436	1
1.4365	1
1.437	1
1.4375	1
1.438	1
1.4385	1
1.439	1
1.4395	1
1.44	1
1.4405	1
1.441	1
1.4415	1
1.442	1
1.4425	1
1.443	2
1.4435	2
1.444	2
1.4445	2
1.445	2
1.4455	2
1.446	2
1.4465	2
1.447	2
1.4475	2
1.448	2
1.4485	2
1.449	2
1.4495	2
1.45	2
1.4505	2
1.451	2
1.4515	2
1.452	2
1.4525	2
1.453	2
1.4535	2
1.454	2
1.4545	2
1.455	2
1.4555	2
1.456	2
1.4565	2
1.457	2
1.4575	2
1.458	2
1.4585	2
1.459	2
1.4595	2
1.46	2
1.4605	2
1.461	2
1.4615	2
1.462	2
1.4625	2
1.463	2
1.4635	2
1.464	2
1.4645	2
1.465	2
1.4655	2
1.466	2
1.4665	2
1.467	2
1.4675	2
1.468	2
1.4685	2
1.469	2
1.4695	2
1.47	2
1.4705	2
1.471	2
1.4715	2
1.472	2
1.4725	2
1.473	2
1.4735	2
1.474	2
1.4745	2
1.475	2
1.4755	2
1.476	2
1.4765	2
1.477	2
1.4775	2
1.478	2
1.4785	2
1.479	2
1.4795	2
1.48	2
1.4805	2
1.481	2
1.4815	2
1.482	2
1.4825	2
1.483	2
1.4835	2
1.484	2
1.4845	2
1.485	2
1.4855	2
1.486	2
1.4865	2
1.487	2
1.4875	2
1.488	2
1.4885	2
1.489	2
1.4895	2
1.49	2
1.4905	2
1.491	2
1.4915	2
1.492	2
1.4925	2
1.493	2
1.4935	2
1.494	2
1.4945	2
1.495	2
1.4955	2
1.496	2
1.4965	2
1.497	2
1.4975	2
1.498	2
1.4985	2
1.499	2
1.4995	2
1.5	2
1.5005	2
1.501	2
1.5015	2
1.502	2
1.5025	2
1.503	2
1.5035	2
1.504	2
1.5045	2
1.505	2
1.5055	2
1.506	2
1.5065	2
1.507	1
1.5075	1
1.508	1
1.5085	1
1.509	1
1.5095	1
1.51	1
1.5105	1
1.511	1
1.5115	1
1.512	1
1.5125	1
1.513	1
1.5135	1
1.514	2
1.5145	2
1.515	2
1.5155	0
