0	2
0.00050017	2
0.0010003	2
0.0015005	2
0.0020007	2
0.0025008	2
0.003001	2
0.0035012	2
0.0040013	2
0.0045015	2
0.0050017	2
0.0055018	2
0.006002	2
0.0065021	2
0.0070023	2
0.0075025	2
0.0080026	2
0.0085028	2
0.009003	2
0.0095031	2
0.010003	2
0.010503	2
0.011004	2
0.011504	2
0.012004	2
0.012504	2
0.013004	2
0.013504	2
0.014005	2
0.014505	2
0.015005	2
0.015505	2
0.016005	2
0.016505	2
0.017006	2
0.017506	2
0.018006	2
0.018506	2
0.019006	2
0.019506	2
0.020007	2
0.020507	2
0.021007	2
0.021507	2
0.022007	2
0.022507	2
0.023008	2
0.023508	2
0.024008	2
0.024508	2
0.025008	2
0.025508	2
0.026009	2
0.026509	2
0.027009	2
0.027509	2
0.028009	2
0.028509	2
0.02901	2
0.02951	2
0.03001	2
0.03051	2
0.03101	2
0.03151	2
0.032011	2
0.032511	2
0.033011	2
0.033511	2
0.034011	2
0.034511	2
0.035012	2
0.035512	2
0.036012	2
0.036512	2
0.037012	2
0.037512	2
0.038013	2
0.038513	2
0.039013	2
0.039513	2
0.040013	2
0.040513	2
0.041014	1
0.041514	1
0.042014	1
0.042514	1
0.043014	3
0.043514	3
0.044015	3
0.044515	1
0.045015	3
0.045515	3
0.046015	3
0.046515	3
0.047016	3
0.047516	1
0.048016	1
0.048516	1
0.049016	3
0.049516	3
0.050017	3
0.050517	3
0.051017	3
0.051517	3
0.052017	3
0.052517	3
0.053017	3
0.053518	3
0.054018	3
0.054518	3
0.055018	3
0.055518	3
0.056018	3
0.056519	3
0.057019	3
0.057519	3
0.058019	3
0.058519	3
0.059019	3
0.05952	3
0.06002	3
0.06052	3
0.06102	3
0.06152	3
0.06202	3
0.062521	3
0.063021	3
0.063521	1
0.064021	1
0.064521	1
0.065021	1
0.065522	1
0.066022	3
0.066522	3
0.067022	3
0.067522	3
0.068022	3
0.068523	3
0.069023	3
0.069523	3
0.070023	3
0.070523	3
0.071023	3
0.071524	3
0.072024	3
0.072524	3
0.073024	3
0.073524	3
0.074024	3
0.074525	3
0.075025	3
0.075525	3
0.076025	1
0.076525	1
0.077025	1
0.077526	1
0.078026	1
0.078526	3
0.079026	3
0.079526	3
0.080026	3
0.080527	3
0.081027	3
0.081527	3
0.082027	3
0.082527	3
0.083027	1
0.083528	1
0.084028	1
0.084528	1
0.085028	1
0.085528	1
0.086028	1
0.086529	1
0.087029	1
0.087529	1
0.088029	1
0.088529	1
0.089029	1
0.08953	1
0.09003	1
0.09053	1
0.09103	1
0.09153	1
0.09203	1
0.092531	1
0.093031	1
0.093531	1
0.094031	1
0.094531	1
0.095031	1
0.095532	1
0.096032	1
0.096532	3
0.097032	3
0.097532	3
0.098032	3
0.098533	3
0.099033	3
0.099533	3
0.10003	3
0.10053	3
0.10103	3
0.10153	3
0.10203	3
0.10253	3
0.10303	3
0.10353	3
0.10403	3
0.10453	3
0.10503	3
0.10553	1
0.10603	3
0.10654	3
0.10704	3
0.10754	3
0.10804	3
0.10854	3
0.10904	3
0.10954	3
0.11004	3
0.11054	3
0.11104	3
0.11154	3
0.11204	3
0.11254	3
0.11304	3
0.11354	3
0.11404	3
0.11454	3
0.11504	3
0.11554	3
0.11604	3
0.11654	3
0.11704	3
0.11754	3
0.11804	3
0.11854	3
0.11904	3
0.11954	3
0.12004	3
0.12054	3
0.12104	3
0.12154	3
0.12204	3
0.12254	3
0.12304	3
0.12354	3
0.12404	3
0.12454	3
0.12504	3
0.12554	3
0.12604	3
0.12654	3
0.12704	3
0.12754	3
0.12804	3
0.12854	3
0.12904	3
0.12954	3
0.13004	3
0.13054	3
0.13104	3
0.13154	3
0.13204	3
0.13254	3
0.13304	3
0.13354	3
0.13404	3
0.13454	3
0.13504	3
0.13554	3
0.13604	3
0.13655	3
0.13705	3
0.13755	3
0.13805	3
0.13855	3
0.13905	3
0.13955	3
0.14005	3
0.14055	3
0.14105	3
0.14155	3
0.14205	3
0.14255	3
0.14305	3
0.14355	3
0.14405	3
0.14455	3
0.14505	3
0.14555	3
0.14605	3
0.14655	3
0.14705	3
0.14755	3
0.14805	3
0.14855	3
0.14905	3
0.14955	3
0.15005	3
0.15055	3
0.15105	3
0.15155	3
0.15205	3
0.15255	3
0.15305	3
0.15355	3
0.15405	3
0.15455	3
0.15505	3
0.15555	3
0.15605	3
0.15655	3
0.15705	3
0.15755	3
0.15805	3
0.15855	3
0.15905	3
0.15955	3
0.16005	3
0.16055	3
0.16105	3
0.16155	3
0.16205	3
0.16255	3
0.16305	3
0.16355	3
0.16405	3
0.16455	3
0.16505	3
0.16555	3
0.16605	3
0.16655	3
0.16706	3
0.16756	3
0.16806	3
0.16856	3
0.16906	3
0.16956	1
0.17006	1
0.17056	1
0.17106	1
0.17156	1
0.17206	1
0.17256	1
0.17306	1
0.17356	1
0.17406	1
0.17456	1
0.17506	1
0.17556	1
0.17606	1
0.17656	1
0.17706	1
0.17756	1
0.17806	1
0.17856	1
0.17906	1
0.17956	1
0.18006	1
0.18056	1
0.18106	1
0.18156	1
0.18206	1
0.18256	1
0.18306	1
0.18356	1
0.18406	1
0.18456	1
0.18506	1
0.18556	1
0.18606	1
0.18656	1
0.18706	1
0.18756	1
0.18806	1
0.18856	1
0.18906	1
0.18956	1
0.19006	1
0.19056	1
0.19106	1
0.19156	1
0.19206	1
0.19256	1
0.19306	1
0.19356	1
0.19406	1
0.19456	1
0.19506	1
0.19556	1
0.19606	1
0.19656	1
0.19707	1
0.19757	1
0.19807	1
0.19857	1
0.19907	1
0.19957	1
0.20007	1
0.20057	1
0.20107	1
0.20157	1
0.20207	1
0.20257	1
0.20307	1
0.20357	1
0.20407	1
0.20457	1
0.20507	3
0.20557	3
0.20607	3
0.20657	3
0.20707	3
0.20757	3
0.20807	3
0.20857	1
0.20907	1
0.20957	1
0.21007	1
0.21057	1
0.21107	1
0.21157	1
0.21207	1
0.21257	1
0.21307	1
0.21357	1
0.21407	1
0.21457	1
0.21507	1
0.21557	1
0.21607	1
0.21657	1
0.21707	1
0.21757	1
0.21807	1
0.21857	1
0.21907	1
0.21957	1
0.22007	1
0.22057	1
0.22107	1
0.22157	1
0.22207	1
0.22257	1
0.22307	1
0.22357	1
0.22407	1
0.22457	1
0.22507	1
0.22557	1
0.22607	1
0.22657	1
0.22707	1
0.22758	1
0.22808	1
0.22858	1
0.22908	2
0.22958	2
0.23008	2
0.23058	2
0.23108	2
0.23158	2
0.23208	2
0.23258	2
0.23308	2
0.23358	2
0.23408	2
0.23458	2
0.23508	2
0.23558	2
0.23608	2
0.23658	2
0.23708	2
0.23758	2
0.23808	2
0.23858	2
0.23908	2
0.23958	2
0.24008	2
0.24058	2
0.24108	2
0.24158	2
0.24208	2
0.24258	2
0.24308	2
0.24358	2
0.24408	2
0.24458	2
0.24508	2
0.24558	2
0.24608	2
0.24658	2
0.24708	2
0.24758	2
0.24808	2
0.24858	2
0.24908	2
0.24958	2
0.25008	2
0.25058	2
0.25108	2
0.25158	2
0.25208	2
0.25258	2
0.25308	2
0.25358	2
0.25408	2
0.25458	2
0.25508	2
0.25558	2
0.25608	2
0.25658	2
0.25708	2
0.25759	2
0.25809	2
0.25859	2
0.25909	2
0.25959	2
0.26009	2
0.26059	2
0.26109	2
0.26159	2
0.26209	2
0.26259	2
0.26309	2
0.26359	2
0.26409	2
0.26459	2
0.26509	2
0.26559	2
0.26609	2
0.26659	2
0.26709	2
0.26759	2
0.26809	2
0.26859	2
0.26909	2
0.26959	2
0.27009	2
0.27059	2
0.27109	2
0.27159	2
0.27209	2
0.27259	2
0.27309	2
0.27359	2
0.27409	2
0.27459	2
0.27509	2
0.27559	2
0.27609	2
0.27659	2
0.27709	2
0.27759	2
0.27809	2
0.27859	2
0.27909	2
0.27959	2
0.28009	2
0.28059	2
0.28109	2
0.28159	3
0.28209	3
0.28259	3
0.28309	3
0.28359	3
0.28409	3
0.28459	3
0.28509	3
0.28559	3
0.28609	3
0.28659	3
0.28709	3
0.28759	3
0.2881	3
0.2886	2
0.2891	2
0.2896	2
0.2901	2
0.2906	2
0.2911	2
0.2916	2
0.2921	2
0.2926	2
0.2931	2
0.2936	2
0.2941	2
0.2946	2
0.2951	2
0.2956	2
0.2961	2
0.2966	2
0.2971	2
0.2976	2
0.2981	2
0.2986	2
0.2991	2
0.2996	2
0.3001	2
0.3006	2
0.3011	2
0.3016	2
0.3021	2
0.3026	2
0.3031	2
0.3036	2
0.3041	2
0.3046	2
0.3051	2
0.3056	2
0.3061	2
0.3066	2
0.3071	2
0.3076	2
0.3081	2
0.3086	2
0.3091	2
0.3096	2
0.3101	2
0.3106	2
0.3111	2
0.3116	2
0.3121	2
0.3126	2
0.3131	2
0.3136	2
0.3141	2
0.3146	2
0.3151	2
0.3156	2
0.3161	2
0.3166	2
0.3171	2
0.3176	2
0.3181	2
0.31861	2
0.31911	2
0.31961	2
0.32011	2
0.32061	2
0.32111	2
0.32161	2
0.32211	2
0.32261	2
0.32311	2
0.32361	2
0.32411	2
0.32461	2
0.32511	2
0.32561	2
0.32611	2
0.32661	2
0.32711	2
0.32761	2
0.32811	2
0.32861	2
0.32911	2
0.32961	2
0.33011	2
0.33061	2
0.33111	2
0.33161	2
0.33211	2
0.33261	2
0.33311	2
0.33361	2
0.33411	2
0.33461	2
0.33511	2
0.33561	2
0.33611	2
0.33661	2
0.33711	2
0.33761	2
0.33811	2
0.33861	2
0.33911	2
0.33961	2
0.34011	2
0.34061	2
0.34111	2
0.34161	2
0.34211	2
0.34261	2
0.34311	2
0.34361	2
0.34411	2
0.34461	2
0.34511	2
0.34561	2
0.34611	2
0.34661	2
0.34711	2
0.34761	2
0.34811	2
0.34862	2
0.34912	2
0.34962	2
0.35012	2
0.35062	2
0.35112	2
0.35162	2
0.35212	2
0.35262	2
0.35312	2
0.35362	2
0.35412	2
0.35462	2
0.35512	2
0.35562	2
0.35612	2
0.35662	2
0.35712	2
0.35762	2
0.35812	2
0.35862	2
0.35912	2
0.35962	2
0.36012	2
0.36062	2
0.36112	2
0.36162	2
0.36212	2
0.36262	2
0.36312	2
0.36362	2
0.36412	2
0.36462	2
0.36512	2
0.36562	2
0.36612	2
0.36662	2
0.36712	2
0.36762	2
0.36812	2
0.36862	2
0.36912	2
0.36962	2
0.37012	2
0.37062	2
0.37112	2
0.37162	2
0.37212	2
0.37262	2
0.37312	2
0.37362	2
0.37412	2
0.37462	2
0.37512	2
0.37562	2
0.37612	2
0.37662	2
0.37712	2
0.37762	2
0.37812	2
0.37862	2
0.37913	2
0.37963	2
0.38013	2
0.38063	2
0.38113	2
0.38163	2
0.38213	2
0.38263	2
0.38313	2
0.38363	2
0.38413	2
0.38463	2
0.38513	2
0.38563	2
0.38613	2
0.38663	2
0.38713	2
0.38763	2
0.38813	2
0.38863	2
0.38913	2
0.38963	2
0.39013	2
0.39063	2
0.39113	2
0.39163	2
0.39213	2
0.39263	2
0.39313	2
0.39363	2
0.39413	2
0.39463	2
0.39513	2
0.39563	2
0.39613	2
0.39663	2
0.39713	2
0.39763	2
0.39813	2
0.39863	2
0.39913	2
0.39963	2
0.40013	2
0.40063	2
0.40113	2
0.40163	2
0.40213	2
0.40263	2
0.40313	2
0.40363	2
0.40413	2
0.40463	2
0.40513	2
0.40563	2
0.40613	2
0.40663	2
0.40713	2
0.40763	2
0.40813	2
0.40863	2
0.40914	2
0.40964	2
0.41014	2
0.41064	2
0.41114	2
0.41164	2
0.41214	2
0.41264	2
0.41314	2
0.41364	2
0.41414	2
0.41464	2
0.41514	2
0.41564	2
0.41614	2
0.41664	2
0.41714	2
0.41764	2
0.41814	2
0.41864	2
0.41914	2
0.41964	2
0.42014	2
0.42064	2
0.42114	2
0.42164	2
0.42214	2
0.42264	2
0.42314	2
0.42364	2
0.42414	2
0.42464	2
0.42514	2
0.42564	2
0.42614	2
0.42664	2
0.42714	2
0.42764	2
0.42814	2
0.42864	2
0.42914	2
0.42964	2
0.43014	2
0.43064	2
0.43114	2
0.43164	2
0.43214	2
0.43264	2
0.43314	2
0.43364	2
0.43414	2
0.43464	2
0.43514	2
0.43564	2
0.43614	2
0.43664	2
0.43714	2
0.43764	2
0.43814	3
0.43864	3
0.43914	3
0.43965	1
0.44015	3
0.44065	3
0.44115	3
0.44165	3
0.44215	3
0.44265	3
0.44315	3
0.44365	3
0.44415	3
0.44465	3
0.44515	3
0.44565	3
0.44615	3
0.44665	1
0.44715	1
0.44765	1
0.44815	1
0.44865	1
0.44915	1
0.44965	1
0.45015	1
0.45065	1
0.45115	1
0.45165	1
0.45215	1
0.45265	1
0.45315	1
0.45365	1
0.45415	1
0.45465	1
0.45515	1
0.45565	1
0.45615	1
0.45665	1
0.45715	1
0.45765	1
0.45815	1
0.45865	1
0.45915	1
0.45965	1
0.46015	1
0.46065	1
0.46115	1
0.46165	1
0.46215	1
0.46265	1
0.46315	1
0.46365	1
0.46415	1
0.46465	1
0.46515	1
0.46565	1
0.46615	1
0.46665	1
0.46715	1
0.46765	1
0.46815	1
0.46865	1
0.46915	1
0.46966	1
0.47016	1
0.47066	1
0.47116	1
0.47166	1
0.47216	1
0.47266	1
0.47316	1
0.47366	1
0.47416	1
0.47466	1
0.47516	1
0.47566	1
0.47616	1
0.47666	1
0.47716	1
0.47766	1
0.47816	1
0.47866	1
0.47916	1
0.47966	1
0.48016	1
0.48066	1
0.48116	1
0.48166	1
0.48216	1
0.48266	1
0.48316	1
0.48366	1
0.48416	1
0.48466	1
0.48516	1
0.48566	1
0.48616	1
0.48666	1
0.48716	1
0.48766	1
0.48816	1
0.48866	1
0.48916	1
0.48966	1
0.49016	1
0.49066	1
0.49116	1
0.49166	1
0.49216	1
0.49266	1
0.49316	1
0.49366	1
0.49416	1
0.49466	1
0.49516	1
0.49566	1
0.49616	1
0.49666	1
0.49716	1
0.49766	1
0.49816	1
0.49866	1
0.49916	1
0.49966	1
0.50017	1
0.50067	1
0.50117	1
0.50167	1
0.50217	1
0.50267	1
0.50317	1
0.50367	1
0.50417	1
0.50467	1
0.50517	1
0.50567	1
0.50617	1
0.50667	1
0.50717	1
0.50767	1
0.50817	1
0.50867	1
0.50917	1
0.50967	1
0.51017	1
0.51067	1
0.51117	1
0.51167	1
0.51217	1
0.51267	1
0.51317	1
0.51367	1
0.51417	1
0.51467	1
0.51517	1
0.51567	1
0.51617	1
0.51667	1
0.51717	1
0.51767	1
0.51817	1
0.51867	1
0.51917	1
0.51967	1
0.52017	1
0.52067	1
0.52117	1
0.52167	1
0.52217	1
0.52267	1
0.52317	1
0.52367	1
0.52417	1
0.52467	1
0.52517	1
0.52567	1
0.52617	1
0.52667	1
0.52717	1
0.52767	1
0.52817	1
0.52867	1
0.52917	1
0.52967	1
0.53017	1
0.53068	1
0.53118	1
0.53168	1
0.53218	3
0.53268	3
0.53318	3
0.53368	3
0.53418	3
0.53468	1
0.53518	1
0.53568	1
0.53618	3
0.53668	3
0.53718	3
0.53768	3
0.53818	3
0.53868	3
0.53918	3
0.53968	3
0.54018	3
0.54068	3
0.54118	3
0.54168	3
0.54218	3
0.54268	3
0.54318	3
0.54368	3
0.54418	3
0.54468	3
0.54518	3
0.54568	3
0.54618	3
0.54668	3
0.54718	3
0.54768	3
0.54818	3
0.54868	3
0.54918	3
0.54968	1
0.55018	1
0.55068	1
0.55118	1
0.55168	1
0.55218	3
0.55268	3
0.55318	3
0.55368	1
0.55418	1
0.55468	1
0.55518	1
0.55568	1
0.55618	1
0.55668	1
0.55718	1
0.55768	1
0.55818	3
0.55868	3
0.55918	1
0.55968	1
0.56018	1
0.56069	1
0.56119	1
0.56169	1
0.56219	1
0.56269	1
0.56319	1
0.56369	1
0.56419	1
0.56469	1
0.56519	1
0.56569	1
0.56619	1
0.56669	1
0.56719	1
0.56769	1
0.56819	1
0.56869	3
0.56919	3
0.56969	3
0.57019	3
0.57069	3
0.57119	3
0.57169	3
0.57219	3
0.57269	3
0.57319	3
0.57369	3
0.57419	3
0.57469	3
0.57519	3
0.57569	3
0.57619	3
0.57669	3
0.57719	3
0.57769	1
0.57819	1
0.57869	1
0.57919	1
0.57969	1
0.58019	1
0.58069	1
0.58119	1
0.58169	1
0.58219	1
0.58269	1
0.58319	1
0.58369	1
0.58419	1
0.58469	1
0.58519	1
0.58569	1
0.58619	1
0.58669	1
0.58719	1
0.58769	1
0.58819	1
0.58869	1
0.58919	1
0.58969	1
0.59019	1
0.59069	1
0.5912	1
0.5917	1
0.5922	1
0.5927	1
0.5932	1
0.5937	1
0.5942	1
0.5947	1
0.5952	1
0.5957	1
0.5962	1
0.5967	1
0.5972	1
0.5977	1
0.5982	1
0.5987	1
0.5992	1
0.5997	1
0.6002	1
0.6007	1
0.6012	1
0.6017	1
0.6022	1
0.6027	1
0.6032	1
0.6037	1
0.6042	1
0.6047	1
0.6052	1
0.6057	1
0.6062	1
0.6067	1
0.6072	1
0.6077	1
0.6082	1
0.6087	1
0.6092	1
0.6097	1
0.6102	1
0.6107	1
0.6112	1
0.6117	1
0.6122	1
0.6127	1
0.6132	1
0.6137	1
0.6142	1
0.6147	1
0.6152	1
0.6157	1
0.6162	1
0.6167	1
0.6172	1
0.6177	1
0.6182	1
0.6187	1
0.6192	1
0.6197	1
0.6202	1
0.6207	1
0.62121	1
0.62171	1
0.62221	1
0.62271	1
0.62321	1
0.62371	1
0.62421	1
0.62471	1
0.62521	1
0.62571	1
0.62621	1
0.62671	1
0.62721	1
0.62771	1
0.62821	1
0.62871	1
0.62921	1
0.62971	1
0.63021	1
0.63071	1
0.63121	1
0.63171	1
0.63221	1
0.63271	1
0.63321	1
0.63371	1
0.63421	1
0.63471	1
0.63521	1
0.63571	1
0.63621	1
0.63671	1
0.63721	1
0.63771	1
0.63821	1
0.63871	1
0.63921	1
0.63971	1
0.64021	1
0.64071	1
0.64121	1
0.64171	1
0.64221	1
0.64271	1
0.64321	1
0.64371	1
0.64421	1
0.64471	1
0.64521	1
0.64571	1
0.64621	1
0.64671	1
0.64721	1
0.64771	1
0.64821	1
0.64871	1
0.64921	1
0.64971	1
0.65021	1
0.65071	1
0.65121	1
0.65172	1
0.65222	1
0.65272	1
0.65322	1
0.65372	1
0.65422	1
0.65472	1
0.65522	1
0.65572	1
0.65622	1
0.65672	1
0.65722	1
0.65772	1
0.65822	1
0.65872	1
0.65922	1
0.65972	1
0.66022	1
0.66072	1
0.66122	1
0.66172	1
0.66222	1
0.66272	1
0.66322	1
0.66372	1
0.66422	1
0.66472	1
0.66522	1
0.66572	1
0.66622	1
0.66672	1
0.66722	1
0.66772	1
0.66822	1
0.66872	1
0.66922	1
0.66972	1
0.67022	1
0.67072	1
0.67122	1
0.67172	1
0.67222	1
0.67272	1
0.67322	1
0.67372	1
0.67422	1
0.67472	1
0.67522	1
0.67572	1
0.67622	1
0.67672	1
0.67722	1
0.67772	1
0.67822	1
0.67872	1
0.67922	1
0.67972	1
0.68022	1
0.68072	1
0.68122	1
0.68172	1
0.68223	1
0.68273	1
0.68323	1
0.68373	1
0.68423	1
0.68473	1
0.68523	1
0.68573	1
0.68623	1
0.68673	1
0.68723	1
0.68773	1
0.68823	1
0.68873	1
0.68923	1
0.68973	1
0.69023	1
0.69073	1
0.69123	1
0.69173	1
0.69223	1
0.69273	1
0.69323	1
0.69373	1
0.69423	1
0.69473	1
0.69523	1
0.69573	1
0.69623	1
0.69673	1
0.69723	1
0.69773	1
0.69823	1
0.69873	1
0.69923	1
0.69973	1
0.70023	1
0.70073	1
0.70123	1
0.70173	1
0.70223	1
0.70273	1
0.70323	1
0.70373	1
0.70423	1
0.70473	1
0.70523	1
0.70573	1
0.70623	1
0.70673	1
0.70723	1
0.70773	1
0.70823	3
0.70873	3
0.70923	3
0.70973	3
0.71023	1
0.71073	1
0.71123	1
0.71173	1
0.71224	1
0.71274	1
0.71324	1
0.71374	1
0.71424	1
0.71474	1
0.71524	1
0.71574	1
0.71624	1
0.71674	1
0.71724	1
0.71774	1
0.71824	1
0.71874	1
0.71924	1
0.71974	1
0.72024	1
0.72074	1
0.72124	1
0.72174	1
0.72224	1
0.72274	1
0.72324	1
0.72374	1
0.72424	1
0.72474	1
0.72524	1
0.72574	1
0.72624	1
0.72674	1
0.72724	1
0.72774	1
0.72824	1
0.72874	1
0.72924	1
0.72974	1
0.73024	1
0.73074	1
0.73124	1
0.73174	1
0.73224	1
0.73274	1
0.73324	1
0.73374	1
0.73424	1
0.73474	1
0.73524	1
0.73574	1
0.73624	1
0.73674	1
0.73724	1
0.73774	1
0.73824	1
0.73874	1
0.73924	1
0.73974	1
0.74024	1
0.74074	1
0.74124	1
0.74174	1
0.74224	1
0.74275	1
0.74325	1
0.74375	2
0.74425	2
0.74475	2
0.74525	2
0.74575	2
0.74625	2
0.74675	2
0.74725	2
0.74775	2
0.74825	2
0.74875	2
0.74925	2
0.74975	2
0.75025	2
0.75075	2
0.75125	2
0.75175	2
0.75225	2
0.75275	2
0.75325	2
0.75375	2
0.75425	2
0.75475	2
0.75525	2
0.75575	2
0.75625	2
0.75675	2
0.75725	2
0.75775	2
0.75825	2
0.75875	2
0.75925	2
0.75975	2
0.76025	2
0.76075	2
0.76125	2
0.76175	2
0.76225	2
0.76275	2
0.76325	2
0.76375	2
0.76425	2
0.76475	2
0.76525	2
0.76575	2
0.76625	2
0.76675	2
0.76725	2
0.76775	2
0.76825	2
0.76875	2
0.76925	2
0.76975	2
0.77025	3
0.77075	3
0.77125	3
0.77175	3
0.77225	3
0.77276	3
0.77326	3
0.77376	3
0.77426	3
0.77476	3
0.77526	3
0.77576	3
0.77626	3
0.77676	3
0.77726	3
0.77776	3
0.77826	3
0.77876	3
0.77926	3
0.77976	3
0.78026	3
0.78076	3
0.78126	3
0.78176	3
0.78226	3
0.78276	3
0.78326	3
0.78376	3
0.78426	1
0.78476	1
0.78526	1
0.78576	1
0.78626	1
0.78676	3
0.78726	3
0.78776	3
0.78826	3
0.78876	3
0.78926	3
0.78976	3
0.79026	3
0.79076	3
0.79126	3
0.79176	3
0.79226	3
0.79276	3
0.79326	1
0.79376	1
0.79426	1
0.79476	1
0.79526	3
0.79576	3
0.79626	3
0.79676	3
0.79726	3
0.79776	3
0.79826	3
0.79876	3
0.79926	3
0.79976	3
0.80026	3
0.80076	3
0.80126	3
0.80176	3
0.80226	3
0.80276	3
0.80327	3
0.80377	3
0.80427	3
0.80477	3
0.80527	3
0.80577	3
0.80627	3
0.80677	3
0.80727	3
0.80777	3
0.80827	3
0.80877	3
0.80927	3
0.80977	3
0.81027	3
0.81077	3
0.81127	3
0.81177	3
0.81227	3
0.81277	3
0.81327	3
0.81377	3
0.81427	3
0.81477	3
0.81527	1
0.81577	1
0.81627	3
0.81677	3
0.81727	3
0.81777	3
0.81827	3
0.81877	3
0.81927	1
0.81977	1
0.82027	1
0.82077	1
0.82127	1
0.82177	1
0.82227	1
0.82277	1
0.82327	1
0.82377	1
0.82427	1
0.82477	1
0.82527	1
0.82577	1
0.82627	1
0.82677	3
0.82727	3
0.82777	3
0.82827	3
0.82877	3
0.82927	3
0.82977	3
0.83027	3
0.83077	2
0.83127	2
0.83177	2
0.83227	2
0.83277	2
0.83328	2
0.83378	2
0.83428	2
0.83478	2
0.83528	2
0.83578	2
0.83628	2
0.83678	2
0.83728	2
0.83778	2
0.83828	2
0.83878	2
0.83928	2
0.83978	2
0.84028	2
0.84078	2
0.84128	2
0.84178	2
0.84228	2
0.84278	2
0.84328	2
0.84378	2
0.84428	2
0.84478	2
0.84528	2
0.84578	2
0.84628	2
0.84678	2
0.84728	2
0.84778	2
0.84828	2
0.84878	2
0.84928	2
0.84978	2
0.85028	2
0.85078	2
0.85128	2
0.85178	2
0.85228	2
0.85278	2
0.85328	2
0.85378	2
0.85428	2
0.85478	2
0.85528	2
0.85578	2
0.85628	2
0.85678	2
0.85728	2
0.85778	2
0.85828	2
0.85878	2
0.85928	2
0.85978	2
0.86028	2
0.86078	2
0.86128	2
0.86178	2
0.86228	2
0.86278	2
0.86328	2
0.86379	2
0.86429	2
0.86479	2
0.86529	2
0.86579	2
0.86629	2
0.86679	2
0.86729	2
0.86779	2
0.86829	2
0.86879	2
0.86929	2
0.86979	2
0.87029	2
0.87079	2
0.87129	2
0.87179	2
0.87229	2
0.87279	2
0.87329	2
0.87379	2
0.87429	2
0.87479	2
0.87529	2
0.87579	2
0.87629	2
0.87679	2
0.87729	2
0.87779	2
0.87829	2
0.87879	2
0.87929	2
0.87979	2
0.88029	2
0.88079	2
0.88129	2
0.88179	2
0.88229	2
0.88279	2
0.88329	2
0.88379	2
0.88429	2
0.88479	2
0.88529	2
0.88579	2
0.88629	2
0.88679	2
0.88729	2
0.88779	2
0.88829	2
0.88879	2
0.88929	2
0.88979	2
0.89029	2
0.89079	2
0.89129	2
0.89179	2
0.89229	2
0.89279	2
0.89329	2
0.89379	2
0.8943	2
0.8948	2
0.8953	2
0.8958	2
0.8963	2
0.8968	2
0.8973	2
0.8978	2
0.8983	2
0.8988	2
0.8993	2
0.8998	2
0.9003	2
0.9008	2
0.9013	2
0.9018	2
0.9023	2
0.9028	2
0.9033	2
0.9038	2
0.9043	2
0.9048	2
0.9053	2
0.9058	2
0.9063	2
0.9068	2
0.9073	2
0.9078	2
0.9083	2
0.9088	2
0.9093	2
0.9098	2
0.9103	2
0.9108	2
0.9113	2
0.9118	2
0.9123	2
0.9128	2
0.9133	2
0.9138	2
0.9143	2
0.9148	2
0.9153	2
0.9158	2
0.9163	2
0.9168	2
0.9173	2
0.9178	2
0.9183	2
0.9188	2
0.9193	2
0.9198	2
0.9203	2
0.9208	2
0.9213	2
0.9218	2
0.9223	2
0.9228	2
0.9233	2
0.9238	2
0.92431	2
0.92481	2
0.92531	2
0.92581	2
0.92631	2
0.92681	2
0.92731	2
0.92781	2
0.92831	2
0.92881	2
0.92931	2
0.92981	2
0.93031	2
0.93081	2
0.93131	2
0.93181	2
0.93231	2
0.93281	2
0.93331	2
0.93381	2
0.93431	2
0.93481	2
0.93531	2
0.93581	2
0.93631	2
0.93681	2
0.93731	2
0.93781	2
0.93831	2
0.93881	2
0.93931	2
0.93981	2
0.94031	2
0.94081	2
0.94131	2
0.94181	2
0.94231	2
0.94281	2
0.94331	2
0.94381	2
0.94431	2
0.94481	2
0.94531	2
0.94581	2
0.94631	2
0.94681	2
0.94731	2
0.94781	2
0.94831	2
0.94881	1
0.94931	1
0.94981	1
0.95031	1
0.95081	1
0.95131	1
0.95181	1
0.95231	1
0.95281	1
0.95331	1
0.95381	1
0.95431	1
0.95482	1
0.95532	1
0.95582	1
0.95632	1
0.95682	1
0.95732	1
0.95782	1
0.95832	1
0.95882	1
0.95932	1
0.95982	1
0.96032	1
0.96082	1
0.96132	1
0.96182	1
0.96232	1
0.96282	1
0.96332	1
0.96382	1
0.96432	1
0.96482	1
0.96532	1
0.96582	1
0.96632	1
0.96682	2
0.96732	2
0.96782	2
0.96832	2
0.96882	2
0.96932	1
0.96982	1
0.97032	1
0.97082	1
0.97132	1
0.97182	1
0.97232	1
0.97282	1
0.97332	1
0.97382	1
0.97432	1
0.97482	1
0.97532	1
0.97582	1
0.97632	1
0.97682	1
0.97732	1
0.97782	1
0.97832	1
0.97882	1
0.97932	1
0.97982	1
0.98032	1
0.98082	1
0.98132	1
0.98182	1
0.98232	2
0.98282	2
0.98332	2
0.98382	2
0.98432	2
0.98483	2
0.98533	2
0.98583	2
0.98633	2
0.98683	2
0.98733	2
0.98783	2
0.98833	2
0.98883	2
0.98933	2
0.98983	2
0.99033	2
0.99083	2
0.99133	2
0.99183	2
0.99233	2
0.99283	2
0.99333	2
0.99383	2
0.99433	2
0.99483	2
0.99533	2
0.99583	2
0.99633	2
0.99683	2
0.99733	2
0.99783	2
0.99833	2
0.99883	2
0.99933	2
0.99983	2
1.0003	2
1.0008	2
1.0013	2
1.0018	2
1.0023	2
1.0028	2
1.0033	2
1.0038	2
1.0043	2
1.0048	2
1.0053	2
1.0058	2
1.0063	2
1.0068	2
1.0073	2
1.0078	2
1.0083	2
1.0088	2
1.0093	2
1.0098	2
1.0103	2
1.0108	2
1.0113	2
1.0118	2
1.0123	2
1.0128	2
1.0133	2
1.0138	2
1.0143	2
1.0148	2
1.0153	2
1.0158	2
1.0163	2
1.0168	2
1.0173	2
1.0178	2
1.0183	2
1.0188	2
1.0193	2
1.0198	2
1.0203	2
1.0208	2
1.0213	2
1.0218	2
1.0223	2
1.0228	2
1.0233	2
1.0238	2
1.0243	2
1.0248	2
1.0253	2
1.0258	2
1.0263	2
1.0268	2
1.0273	1
1.0278	1
1.0283	1
1.0288	1
1.0293	1
1.0298	1
1.0303	1
1.0308	1
1.0313	1
1.0318	1
1.0323	1
1.0328	1
1.0333	1
1.0338	1
1.0343	1
1.0348	1
1.0353	1
1.0358	1
1.0363	1
1.0368	1
1.0373	1
1.0378	1
1.0383	1
1.0388	1
1.0393	1
1.0398	1
1.0403	1
1.0408	1
1.0413	1
1.0418	1
1.0423	1
1.0428	1
1.0433	1
1.0438	1
1.0443	1
1.0448	1
1.0453	1
1.0458	1
1.0463	1
1.0468	1
1.0473	1
1.0478	1
1.0483	1
1.0488	1
1.0493	1
1.0498	1
1.0503	1
1.0508	1
1.0513	1
1.0518	1
1.0523	1
1.0528	1
1.0533	1
1.0538	1
1.0543	1
1.0548	1
1.0553	1
1.0558	1
1.0563	1
1.0568	1
1.0573	1
1.0578	1
1.0583	1
1.0588	1
1.0593	1
1.0598	1
1.0603	1
1.0609	1
1.0614	1
1.0619	1
1.0624	1
1.0629	1
1.0634	1
1.0639	1
1.0644	1
1.0649	1
1.0654	1
1.0659	1
1.0664	1
1.0669	1
1.0674	1
1.0679	1
1.0684	1
1.0689	1
1.0694	1
1.0699	1
1.0704	1
1.0709	1
1.0714	1
1.0719	1
1.0724	1
1.0729	1
1.0734	1
1.0739	1
1.0744	1
1.0749	1
1.0754	1
1.0759	1
1.0764	1
1.0769	1
1.0774	1
1.0779	1
1.0784	1
1.0789	1
1.0794	1
1.0799	1
1.0804	1
1.0809	1
1.0814	1
1.0819	1
1.0824	1
1.0829	1
1.0834	1
1.0839	1
1.0844	1
1.0849	1
1.0854	1
1.0859	1
1.0864	1
1.0869	1
1.0874	1
1.0879	1
1.0884	1
1.0889	1
1.0894	1
1.0899	1
1.0904	1
1.0909	1
1.0914	1
1.0919	1
1.0924	1
1.0929	1
1.0934	1
1.0939	1
1.0944	1
1.0949	1
1.0954	1
1.0959	1
1.0964	1
1.0969	1
1.0974	1
1.0979	1
1.0984	1
1.0989	1
1.0994	1
1.0999	1
1.1004	1
1.1009	1
1.1014	1
1.1019	1
1.1024	1
1.1029	1
1.1034	1
1.1039	1
1.1044	1
1.1049	1
1.1054	1
1.1059	1
1.1064	1
1.1069	1
1.1074	1
1.1079	1
1.1084	1
1.1089	1
1.1094	1
1.1099	1
1.1104	1
1.1109	1
1.1114	1
1.1119	1
1.1124	1
1.1129	1
1.1134	1
1.1139	1
1.1144	1
1.1149	1
1.1154	1
1.1159	1
1.1164	1
1.1169	1
1.1174	1
1.1179	1
1.1184	1
1.1189	1
1.1194	1
1.1199	1
1.1204	1
1.1209	1
1.1214	1
1.1219	1
1.1224	1
1.1229	1
1.1234	1
1.1239	1
1.1244	1
1.1249	1
1.1254	1
1.1259	1
1.1264	1
1.1269	1
1.1274	1
1.1279	1
1.1284	1
1.1289	1
1.1294	1
1.1299	1
1.1304	1
1.1309	1
1.1314	1
1.1319	1
1.1324	1
1.1329	1
1.1334	1
1.1339	1
1.1344	1
1.1349	1
1.1354	1
1.1359	1
1.1364	1
1.1369	1
1.1374	1
1.1379	1
1.1384	1
1.1389	1
1.1394	1
1.1399	1
1.1404	1
1.1409	1
1.1414	1
1.1419	1
1.1424	1
1.1429	1
1.1434	1
1.1439	1
1.1444	1
1.1449	1
1.1454	1
1.1459	1
1.1464	1
1.1469	1
1.1474	1
1.1479	1
1.1484	1
1.1489	1
1.1494	1
1.1499	3
1.1504	3
1.1509	3
1.1514	3
1.1519	3
1.1524	3
1.1529	3
1.1534	3
1.1539	2
1.1544	2
1.1549	2
1.1554	2
1.1559	2
1.1564	2
1.1569	2
1.1574	2
1.1579	2
1.1584	2
1.1589	2
1.1594	2
1.1599	2
1.1604	2
1.1609	2
1.1614	2
1.1619	2
1.1624	2
1.1629	2
1.1634	2
1.1639	2
1.1644	1
1.1649	1
1.1654	1
1.1659	1
1.1664	1
1.1669	1
1.1674	1
1.1679	1
1.1684	1
1.1689	1
1.1694	1
1.1699	1
1.1704	1
1.1709	1
1.1714	1
1.1719	1
1.1724	1
1.1729	1
1.1734	1
1.1739	1
1.1744	1
1.1749	1
1.1754	1
1.1759	1
1.1764	1
1.1769	1
1.1774	1
1.1779	1
1.1784	1
1.1789	1
1.1794	1
1.1799	1
1.1804	1
1.1809	1
1.1814	1
1.1819	1
1.1824	1
1.1829	1
1.1834	1
1.1839	1
1.1844	1
1.1849	1
1.1854	1
1.1859	1
1.1864	1
1.1869	1
1.1874	1
1.1879	1
1.1884	1
1.1889	1
1.1894	1
1.1899	1
1.1904	1
1.1909	1
1.1914	1
1.1919	1
1.1924	1
1.1929	1
1.1934	1
1.1939	1
1.1944	1
1.1949	1
1.1954	1
1.1959	1
1.1964	1
1.1969	1
1.1974	1
1.1979	1
1.1984	1
1.1989	1
1.1994	1
1.1999	1
1.2004	1
1.2009	1
1.2014	1
1.2019	1
1.2024	1
1.2029	1
1.2034	1
1.2039	1
1.2044	1
1.2049	1
1.2054	1
1.2059	1
1.2064	1
1.2069	1
1.2074	1
1.2079	1
1.2084	1
1.2089	1
1.2094	1
1.2099	1
1.2104	1
1.2109	1
1.2114	1
1.2119	1
1.2124	1
1.2129	1
1.2134	1
1.2139	1
1.2144	1
1.2149	1
1.2154	1
1.2159	1
1.2164	1
1.2169	1
1.2174	1
1.2179	1
1.2184	1
1.2189	1
1.2194	1
1.2199	1
1.2204	1
1.2209	1
1.2214	1
1.2219	1
1.2224	1
1.2229	1
1.2234	1
1.2239	1
1.2244	1
1.2249	1
1.2254	1
1.2259	1
1.2264	1
1.2269	1
1.2274	1
1.2279	1
1.2284	1
1.2289	1
1.2294	1
1.2299	1
1.2304	1
1.2309	1
1.2314	1
1.2319	1
1.2324	1
1.2329	1
1.2334	1
1.2339	1
1.2344	1
1.2349	1
1.2354	1
1.2359	1
1.2364	1
1.2369	1
1.2374	1
1.2379	1
1.2384	1
1.2389	1
1.2394	1
1.2399	1
1.2404	1
1.2409	1
1.2414	1
1.2419	1
1.2424	1
1.2429	1
1.2434	1
1.2439	1
1.2444	1
1.2449	1
1.2454	1
1.2459	1
1.2464	1
1.2469	1
1.2474	1
1.2479	1
1.2484	1
1.2489	1
1.2494	1
1.2499	2
1.2504	2
1.2509	2
1.2514	2
1.2519	2
1.2524	2
1.2529	2
1.2534	2
1.2539	2
1.2544	2
1.2549	2
1.2554	1
1.2559	1
1.2564	1
1.2569	1
1.2574	1
1.2579	1
1.2584	1
1.2589	1
1.2594	1
1.2599	1
1.2604	1
1.2609	1
1.2614	1
1.2619	1
1.2624	1
1.2629	2
1.2634	2
1.2639	2
1.2644	2
1.2649	2
1.2654	2
1.2659	2
1.2664	2
1.2669	2
1.2674	2
1.2679	2
1.2684	2
1.2689	2
1.2694	2
1.2699	2
1.2704	2
1.2709	2
1.2714	2
1.2719	2
1.2724	2
1.2729	2
1.2734	2
1.2739	2
1.2744	2
1.2749	2
1.2754	2
1.2759	2
1.2764	2
1.2769	2
1.2774	2
1.2779	2
1.2784	2
1.2789	2
1.2794	2
1.2799	2
1.2804	2
1.2809	2
1.2814	2
1.2819	2
1.2824	2
1.2829	2
1.2834	2
1.2839	2
1.2844	2
1.2849	2
1.2854	2
1.2859	2
1.2864	2
1.2869	2
1.2874	2
1.2879	2
1.2884	2
1.2889	2
1.2894	2
1.2899	2
1.2904	2
1.2909	2
1.2914	2
1.2919	2
1.2924	1
1.2929	1
1.2934	1
1.2939	1
1.2944	1
1.2949	1
1.2954	1
1.2959	1
1.2964	1
1.2969	1
1.2974	1
1.2979	1
1.2984	1
1.2989	1
1.2994	1
1.2999	1
1.3004	1
1.3009	2
1.3014	2
1.3019	2
1.3024	3
1.3029	3
1.3034	3
1.3039	3
1.3044	3
1.3049	3
1.3054	3
1.3059	3
1.3064	3
1.3069	3
1.3074	3
1.3079	3
1.3084	3
1.3089	3
1.3094	3
1.3099	3
1.3104	3
1.3109	3
1.3114	3
1.3119	3
1.3124	3
1.3129	3
1.3134	3
1.3139	3
1.3144	3
1.3149	3
1.3154	3
1.3159	3
1.3164	3
1.3169	3
1.3174	3
1.3179	3
1.3184	3
1.3189	3
1.3194	3
1.3199	3
1.3204	3
1.3209	3
1.3214	3
1.3219	3
1.3224	3
1.3229	3
1.3234	3
1.3239	3
1.3244	3
1.3249	3
1.3254	3
1.3259	3
1.3264	3
1.3269	3
1.3274	3
1.3279	3
1.3284	3
1.3289	3
1.3294	3
1.3299	3
1.3304	3
1.3309	3
1.3314	3
1.3319	3
1.3324	3
1.3329	3
1.3334	3
1.3339	3
1.3344	3
1.3349	3
1.3354	3
1.3359	2
1.3364	2
1.3369	2
1.3374	2
1.3379	2
1.3384	2
1.3389	2
1.3394	2
1.3399	2
1.3404	2
1.3409	2
1.3414	2
1.3419	2
1.3424	2
1.3429	2
1.3434	2
1.3439	2
1.3444	2
1.3449	2
1.3454	2
1.3459	2
1.3464	2
1.3469	2
1.3474	2
1.3479	2
1.3484	2
1.3489	2
1.3494	2
1.3499	2
1.3504	2
1.3509	2
1.3514	2
1.3519	2
1.3524	2
1.3529	2
1.3534	2
1.3539	2
1.3544	2
1.3549	2
1.3554	2
1.3559	2
1.3564	2
1.3569	2
1.3574	2
1.3579	2
1.3584	2
1.3589	2
1.3594	2
1.3599	2
1.3604	2
1.3609	2
1.3614	2
1.3619	2
1.3624	2
1.3629	2
1.3634	2
1.364	2
1.3645	2
1.365	2
1.3655	2
1.366	2
1.3665	2
1.367	2
1.3675	2
1.368	2
1.3685	2
1.369	2
1.3695	2
1.37	2
1.3705	2
1.371	2
1.3715	2
1.372	2
1.3725	2
1.373	2
1.3735	2
1.374	2
1.3745	1
1.375	1
1.3755	1
1.376	3
1.3765	3
1.377	3
1.3775	3
1.378	3
1.3785	3
1.379	3
1.3795	3
1.38	3
1.3805	3
1.381	3
1.3815	3
1.382	3
1.3825	3
1.383	3
1.3835	3
1.384	3
1.3845	1
1.385	1
1.3855	1
1.386	1
1.3865	1
1.387	1
1.3875	1
1.388	1
1.3885	1
1.389	1
1.3895	1
1.39	1
1.3905	1
1.391	1
1.3915	1
1.392	1
1.3925	1
1.393	1
1.3935	1
1.394	1
1.3945	1
1.395	1
1.3955	1
1.396	1
1.3965	1
1.397	1
1.3975	1
1.398	1
1.3985	1
1.399	1
1.3995	1
1.4	1
1.4005	1
1.401	1
1.4015	1
1.402	1
1.4025	1
1.403	1
1.4035	1
1.404	1
1.4045	1
1.405	1
1.4055	1
1.406	1
1.4065	1
1.407	1
1.4075	1
1.408	1
1.4085	1
1.409	1
1.4095	1
1.41	1
1.4105	1
1.411	1
1.4115	1
1.412	1
1.4125	1
1.413	1
1.4135	1
1.414	1
1.4145	1
1.415	1
1.4155	1
1.416	1
1.4165	1
1.417	1
1.4175	1
1.418	1
1.4185	1
1.419	1
1.4195	1
1.42	1
1.4205	1
1.421	1
1.4215	1
1.422	1
1.4225	1
1.423	1
1.4235	1
1.424	1
1.4245	1
1.425	1
1.4255	1
1.426	1
1.4265	1
1.427	1
1.4275	1
1.428	1
1.4285	1
1.429	1
1.4295	1
1.43	1
1.4305	1
1.431	1
1.4315	1
1.432	1
1.4325	1
1.433	1
1.4335	1
1.434	1
1.4345	1
1.435	1
1.4355	1
1.436	1
1.4365	1
1.437	1
1.4375	1
1.438	1
1.4385	1
1.439	1
1.4395	1
1.44	1
1.4405	1
1.441	1
1.4415	1
1.442	1
1.4425	1
1.443	1
1.4435	1
1.444	1
1.4445	1
1.445	1
1.4455	1
1.446	1
1.4465	1
1.447	1
1.4475	1
1.448	1
1.4485	1
1.449	1
1.4495	1
1.45	1
1.4505	1
1.451	1
1.4515	1
1.452	1
1.4525	1
1.453	1
1.4535	1
1.454	1
1.4545	1
1.455	1
1.4555	1
1.456	1
1.4565	1
1.457	1
1.4575	1
1.458	1
1.4585	1
1.459	1
1.4595	1
1.46	1
1.4605	1
1.461	1
1.4615	1
1.462	1
1.4625	1
1.463	1
1.4635	1
1.464	1
1.4645	1
1.465	1
1.4655	1
1.466	1
1.4665	1
1.467	1
1.4675	1
1.468	1
1.4685	1
1.469	1
1.4695	1
1.47	1
1.4705	1
1.471	1
1.4715	1
1.472	1
1.4725	1
1.473	1
1.4735	1
1.474	1
1.4745	1
1.475	1
1.4755	1
1.476	1
1.4765	1
1.477	1
1.4775	1
1.478	1
1.4785	1
1.479	1
1.4795	1
1.48	1
1.4805	1
1.481	1
1.4815	1
1.482	1
1.4825	1
1.483	1
1.4835	1
1.484	1
1.4845	1
1.485	1
1.4855	1
1.486	1
1.4865	1
1.487	1
1.4875	1
1.488	1
1.4885	1
1.489	1
1.4895	1
1.49	1
1.4905	1
1.491	1
1.4915	1
1.492	1
1.4925	1
1.493	1
1.4935	1
1.494	1
1.4945	1
1.495	1
1.4955	1
1.496	1
1.4965	1
1.497	1
1.4975	1
1.498	1
1.4985	1
1.499	1
1.4995	1
1.5	1
1.5005	1
1.501	1
1.5015	1
1.502	1
1.5025	1
1.503	1
1.5035	1
1.504	1
1.5045	1
1.505	1
1.5055	1
1.506	1
1.5065	1
1.507	1
1.5075	3
1.508	3
1.5085	3
1.509	3
1.5095	3
1.51	3
1.5105	3
1.511	3
1.5115	3
1.512	1
1.5125	1
1.513	1
1.5135	1
1.514	1
1.5145	1
1.515	0
