0	1
0.00050008	1
0.0010002	1
0.0015002	1
0.0020003	1
0.0025004	1
0.0030005	1
0.0035006	1
0.0040007	1
0.0045007	1
0.0050008	1
0.0055009	1
0.006001	1
0.0065011	1
0.0070012	1
0.0075012	1
0.0080013	1
0.0085014	1
0.0090015	1
0.0095016	1
0.010002	1
0.010502	1
0.011002	1
0.011502	1
0.012002	1
0.012502	1
0.013002	1
0.013502	1
0.014002	1
0.014502	1
0.015002	1
0.015503	1
0.016003	1
0.016503	1
0.017003	1
0.017503	1
0.018003	1
0.018503	1
0.019003	1
0.019503	1
0.020003	1
0.020503	1
0.021003	1
0.021504	1
0.022004	1
0.022504	1
0.023004	1
0.023504	1
0.024004	1
0.024504	1
0.025004	1
0.025504	1
0.026004	1
0.026504	1
0.027004	1
0.027505	1
0.028005	1
0.028505	1
0.029005	1
0.029505	1
0.030005	1
0.030505	1
0.031005	1
0.031505	1
0.032005	1
0.032505	1
0.033005	1
0.033506	1
0.034006	1
0.034506	1
0.035006	1
0.035506	1
0.036006	1
0.036506	1
0.037006	1
0.037506	1
0.038006	1
0.038506	1
0.039006	1
0.039507	1
0.040007	1
0.040507	1
0.041007	1
0.041507	1
0.042007	1
0.042507	1
0.043007	1
0.043507	1
0.044007	1
0.044507	1
0.045007	1
0.045508	1
0.046008	1
0.046508	1
0.047008	1
0.047508	1
0.048008	1
0.048508	1
0.049008	1
0.049508	3
0.050008	3
0.050508	3
0.051008	3
0.051508	3
0.052009	3
0.052509	3
0.053009	3
0.053509	3
0.054009	3
0.054509	3
0.055009	3
0.055509	3
0.056009	3
0.056509	3
0.057009	3
0.057509	3
0.05801	3
0.05851	3
0.05901	3
0.05951	3
0.06001	3
0.06051	3
0.06101	3
0.06151	3
0.06201	3
0.06251	3
0.06301	3
0.06351	3
0.064011	3
0.064511	3
0.065011	3
0.065511	3
0.066011	3
0.066511	3
0.067011	3
0.067511	3
0.068011	3
0.068511	3
0.069011	3
0.069511	3
0.070012	3
0.070512	3
0.071012	3
0.071512	3
0.072012	3
0.072512	3
0.073012	3
0.073512	3
0.074012	3
0.074512	3
0.075012	3
0.075512	3
0.076013	3
0.076513	3
0.077013	3
0.077513	3
0.078013	3
0.078513	3
0.079013	3
0.079513	3
0.080013	3
0.080513	3
0.081013	3
0.081513	3
0.082014	3
0.082514	3
0.083014	3
0.083514	3
0.084014	3
0.084514	3
0.085014	3
0.085514	3
0.086014	3
0.086514	3
0.087014	3
0.087514	3
0.088015	3
0.088515	3
0.089015	3
0.089515	3
0.090015	3
0.090515	3
0.091015	3
0.091515	3
0.092015	3
0.092515	3
0.093015	3
0.093515	3
0.094016	3
0.094516	3
0.095016	3
0.095516	3
0.096016	3
0.096516	3
0.097016	3
0.097516	3
0.098016	3
0.098516	3
0.099016	3
0.099516	3
0.10002	3
0.10052	3
0.10102	3
0.10152	3
0.10202	3
0.10252	3
0.10302	3
0.10352	3
0.10402	3
0.10452	3
0.10502	3
0.10552	3
0.10602	3
0.10652	3
0.10702	3
0.10752	3
0.10802	3
0.10852	3
0.10902	3
0.10952	3
0.11002	3
0.11052	3
0.11102	3
0.11152	3
0.11202	3
0.11252	3
0.11302	3
0.11352	3
0.11402	3
0.11452	3
0.11502	3
0.11552	3
0.11602	3
0.11652	3
0.11702	3
0.11752	3
0.11802	3
0.11852	3
0.11902	3
0.11952	3
0.12002	3
0.12052	3
0.12102	3
0.12152	3
0.12202	3
0.12252	3
0.12302	3
0.12352	3
0.12402	3
0.12452	3
0.12502	3
0.12552	3
0.12602	3
0.12652	3
0.12702	3
0.12752	3
0.12802	3
0.12852	3
0.12902	3
0.12952	3
0.13002	3
0.13052	3
0.13102	3
0.13152	3
0.13202	3
0.13252	3
0.13302	3
0.13352	3
0.13402	3
0.13452	3
0.13502	3
0.13552	3
0.13602	3
0.13652	3
0.13702	3
0.13752	3
0.13802	3
0.13852	3
0.13902	3
0.13952	3
0.14002	3
0.14052	3
0.14102	3
0.14152	3
0.14202	3
0.14252	3
0.14302	3
0.14352	3
0.14402	3
0.14452	3
0.14502	3
0.14552	3
0.14602	3
0.14652	3
0.14702	3
0.14752	3
0.14802	3
0.14852	3
0.14902	3
0.14952	3
0.15002	3
0.15052	3
0.15102	3
0.15153	3
0.15203	3
0.15253	3
0.15303	3
0.15353	3
0.15403	3
0.15453	3
0.15503	3
0.15553	3
0.15603	3
0.15653	3
0.15703	3
0.15753	3
0.15803	3
0.15853	3
0.15903	3
0.15953	3
0.16003	3
0.16053	3
0.16103	3
0.16153	3
0.16203	3
0.16253	3
0.16303	3
0.16353	3
0.16403	3
0.16453	3
0.16503	3
0.16553	3
0.16603	3
0.16653	3
0.16703	3
0.16753	3
0.16803	3
0.16853	3
0.16903	3
0.16953	1
0.17003	1
0.17053	1
0.17103	1
0.17153	1
0.17203	1
0.17253	1
0.17303	1
0.17353	1
0.17403	1
0.17453	1
0.17503	1
0.17553	1
0.17603	1
0.17653	1
0.17703	1
0.17753	1
0.17803	1
0.17853	1
0.17903	1
0.17953	1
0.18003	1
0.18053	1
0.18103	1
0.18153	1
0.18203	1
0.18253	1
0.18303	1
0.18353	1
0.18403	1
0.18453	1
0.18503	1
0.18553	1
0.18603	1
0.18653	1
0.18703	1
0.18753	1
0.18803	1
0.18853	1
0.18903	1
0.18953	1
0.19003	1
0.19053	1
0.19103	1
0.19153	1
0.19203	1
0.19253	1
0.19303	1
0.19353	1
0.19403	1
0.19453	1
0.19503	1
0.19553	1
0.19603	1
0.19653	1
0.19703	1
0.19753	1
0.19803	1
0.19853	1
0.19903	1
0.19953	1
0.20003	1
0.20053	1
0.20103	1
0.20153	1
0.20203	1
0.20253	1
0.20303	1
0.20353	1
0.20403	1
0.20453	1
0.20503	3
0.20553	3
0.20603	3
0.20653	3
0.20703	3
0.20753	3
0.20803	3
0.20853	3
0.20903	3
0.20953	3
0.21003	3
0.21053	3
0.21103	3
0.21153	3
0.21203	3
0.21254	3
0.21304	3
0.21354	3
0.21404	3
0.21454	3
0.21504	3
0.21554	3
0.21604	3
0.21654	3
0.21704	3
0.21754	3
0.21804	1
0.21854	1
0.21904	1
0.21954	1
0.22004	1
0.22054	1
0.22104	1
0.22154	1
0.22204	1
0.22254	1
0.22304	1
0.22354	1
0.22404	1
0.22454	1
0.22504	1
0.22554	1
0.22604	1
0.22654	1
0.22704	1
0.22754	1
0.22804	1
0.22854	1
0.22904	1
0.22954	1
0.23004	1
0.23054	1
0.23104	1
0.23154	1
0.23204	1
0.23254	1
0.23304	2
0.23354	2
0.23404	2
0.23454	2
0.23504	2
0.23554	2
0.23604	2
0.23654	2
0.23704	2
0.23754	2
0.23804	2
0.23854	2
0.23904	2
0.23954	2
0.24004	2
0.24054	2
0.24104	2
0.24154	2
0.24204	2
0.24254	2
0.24304	2
0.24354	2
0.24404	2
0.24454	2
0.24504	2
0.24554	2
0.24604	2
0.24654	2
0.24704	2
0.24754	2
0.24804	2
0.24854	2
0.24904	2
0.24954	2
0.25004	2
0.25054	2
0.25104	2
0.25154	2
0.25204	2
0.25254	2
0.25304	2
0.25354	2
0.25404	2
0.25454	2
0.25504	2
0.25554	2
0.25604	2
0.25654	2
0.25704	2
0.25754	2
0.25804	2
0.25854	2
0.25904	2
0.25954	2
0.26004	2
0.26054	2
0.26104	2
0.26154	2
0.26204	2
0.26254	2
0.26304	2
0.26354	2
0.26404	2
0.26454	2
0.26504	2
0.26554	2
0.26604	2
0.26654	2
0.26704	2
0.26754	2
0.26804	2
0.26854	2
0.26904	2
0.26954	2
0.27004	2
0.27054	2
0.27104	2
0.27154	2
0.27204	2
0.27254	2
0.27305	2
0.27355	2
0.27405	2
0.27455	2
0.27505	2
0.27555	2
0.27605	2
0.27655	2
0.27705	2
0.27755	2
0.27805	2
0.27855	2
0.27905	2
0.27955	2
0.28005	2
0.28055	2
0.28105	2
0.28155	2
0.28205	2
0.28255	2
0.28305	2
0.28355	2
0.28405	2
0.28455	2
0.28505	2
0.28555	2
0.28605	2
0.28655	2
0.28705	2
0.28755	2
0.28805	2
0.28855	2
0.28905	2
0.28955	2
0.29005	2
0.29055	2
0.29105	2
0.29155	2
0.29205	2
0.29255	2
0.29305	2
0.29355	2
0.29405	2
0.29455	2
0.29505	2
0.29555	2
0.29605	2
0.29655	2
0.29705	2
0.29755	2
0.29805	2
0.29855	2
0.29905	2
0.29955	2
0.30005	2
0.30055	2
0.30105	2
0.30155	2
0.30205	2
0.30255	2
0.30305	2
0.30355	2
0.30405	2
0.30455	2
0.30505	2
0.30555	2
0.30605	2
0.30655	2
0.30705	2
0.30755	2
0.30805	2
0.30855	2
0.30905	2
0.30955	2
0.31005	2
0.31055	2
0.31105	2
0.31155	2
0.31205	2
0.31255	2
0.31305	2
0.31355	2
0.31405	2
0.31455	2
0.31505	2
0.31555	2
0.31605	2
0.31655	2
0.31705	2
0.31755	2
0.31805	2
0.31855	2
0.31905	2
0.31955	2
0.32005	2
0.32055	2
0.32105	2
0.32155	2
0.32205	2
0.32255	2
0.32305	2
0.32355	2
0.32405	2
0.32455	2
0.32505	2
0.32555	2
0.32605	2
0.32655	2
0.32705	2
0.32755	2
0.32805	2
0.32855	2
0.32905	2
0.32955	2
0.33005	2
0.33055	2
0.33105	2
0.33155	2
0.33205	2
0.33255	2
0.33305	2
0.33356	2
0.33406	2
0.33456	2
0.33506	2
0.33556	2
0.33606	2
0.33656	2
0.33706	2
0.33756	2
0.33806	2
0.33856	2
0.33906	2
0.33956	2
0.34006	2
0.34056	2
0.34106	2
0.34156	2
0.34206	2
0.34256	2
0.34306	2
0.34356	2
0.34406	2
0.34456	2
0.34506	2
0.34556	2
0.34606	2
0.34656	2
0.34706	2
0.34756	2
0.34806	2
0.34856	2
0.34906	2
0.34956	2
0.35006	2
0.35056	2
0.35106	2
0.35156	2
0.35206	2
0.35256	2
0.35306	2
0.35356	2
0.35406	2
0.35456	2
0.35506	2
0.35556	2
0.35606	2
0.35656	2
0.35706	2
0.35756	2
0.35806	2
0.35856	2
0.35906	2
0.35956	2
0.36006	2
0.36056	2
0.36106	2
0.36156	2
0.36206	2
0.36256	2
0.36306	2
0.36356	2
0.36406	2
0.36456	2
0.36506	2
0.36556	2
0.36606	2
0.36656	2
0.36706	2
0.36756	2
0.36806	2
0.36856	2
0.36906	2
0.36956	2
0.37006	2
0.37056	2
0.37106	2
0.37156	2
0.37206	2
0.37256	2
0.37306	2
0.37356	2
0.37406	2
0.37456	2
0.37506	2
0.37556	2
0.37606	2
0.37656	2
0.37706	2
0.37756	2
0.37806	2
0.37856	2
0.37906	2
0.37956	2
0.38006	2
0.38056	2
0.38106	2
0.38156	2
0.38206	2
0.38256	2
0.38306	2
0.38356	2
0.38406	2
0.38456	2
0.38506	2
0.38556	2
0.38606	2
0.38656	2
0.38706	2
0.38756	2
0.38806	2
0.38856	2
0.38906	2
0.38956	2
0.39006	2
0.39056	2
0.39106	2
0.39156	2
0.39206	2
0.39256	2
0.39306	2
0.39356	2
0.39407	2
0.39457	2
0.39507	2
0.39557	2
0.39607	2
0.39657	2
0.39707	2
0.39757	2
0.39807	2
0.39857	2
0.39907	2
0.39957	2
0.40007	2
0.40057	2
0.40107	2
0.40157	2
0.40207	2
0.40257	2
0.40307	2
0.40357	2
0.40407	2
0.40457	2
0.40507	2
0.40557	2
0.40607	2
0.40657	2
0.40707	2
0.40757	2
0.40807	2
0.40857	2
0.40907	2
0.40957	2
0.41007	2
0.41057	2
0.41107	2
0.41157	2
0.41207	2
0.41257	2
0.41307	2
0.41357	2
0.41407	2
0.41457	2
0.41507	2
0.41557	2
0.41607	2
0.41657	2
0.41707	2
0.41757	2
0.41807	2
0.41857	2
0.41907	2
0.41957	2
0.42007	2
0.42057	2
0.42107	2
0.42157	2
0.42207	2
0.42257	2
0.42307	2
0.42357	2
0.42407	2
0.42457	2
0.42507	2
0.42557	2
0.42607	2
0.42657	2
0.42707	2
0.42757	2
0.42807	2
0.42857	2
0.42907	2
0.42957	2
0.43007	2
0.43057	2
0.43107	2
0.43157	2
0.43207	2
0.43257	2
0.43307	2
0.43357	2
0.43407	2
0.43457	2
0.43507	2
0.43557	2
0.43607	2
0.43657	2
0.43707	2
0.43757	2
0.43807	2
0.43857	3
0.43907	3
0.43957	3
0.44007	3
0.44057	3
0.44107	3
0.44157	3
0.44207	3
0.44257	3
0.44307	3
0.44357	3
0.44407	3
0.44457	3
0.44507	3
0.44557	3
0.44607	3
0.44657	3
0.44707	3
0.44757	3
0.44807	3
0.44857	3
0.44907	3
0.44957	3
0.45007	3
0.45057	3
0.45107	3
0.45157	3
0.45207	3
0.45257	3
0.45307	1
0.45357	1
0.45407	1
0.45458	1
0.45508	1
0.45558	1
0.45608	1
0.45658	1
0.45708	1
0.45758	1
0.45808	1
0.45858	1
0.45908	1
0.45958	1
0.46008	1
0.46058	1
0.46108	1
0.46158	1
0.46208	1
0.46258	1
0.46308	1
0.46358	1
0.46408	1
0.46458	1
0.46508	1
0.46558	1
0.46608	1
0.46658	1
0.46708	1
0.46758	1
0.46808	1
0.46858	1
0.46908	1
0.46958	1
0.47008	1
0.47058	1
0.47108	1
0.47158	1
0.47208	1
0.47258	1
0.47308	1
0.47358	1
0.47408	1
0.47458	1
0.47508	1
0.47558	1
0.47608	1
0.47658	1
0.47708	1
0.47758	1
0.47808	1
0.47858	1
0.47908	1
0.47958	1
0.48008	1
0.48058	1
0.48108	1
0.48158	1
0.48208	1
0.48258	1
0.48308	1
0.48358	1
0.48408	1
0.48458	1
0.48508	1
0.48558	1
0.48608	1
0.48658	1
0.48708	1
0.48758	1
0.48808	1
0.48858	1
0.48908	1
0.48958	1
0.49008	1
0.49058	1
0.49108	1
0.49158	1
0.49208	1
0.49258	1
0.49308	1
0.49358	1
0.49408	1
0.49458	1
0.49508	1
0.49558	1
0.49608	1
0.49658	1
0.49708	1
0.49758	1
0.49808	1
0.49858	1
0.49908	1
0.49958	1
0.50008	1
0.50058	1
0.50108	1
0.50158	1
0.50208	1
0.50258	1
0.50308	1
0.50358	1
0.50408	1
0.50458	1
0.50508	1
0.50558	1
0.50608	1
0.50658	1
0.50708	1
0.50758	1
0.50808	1
0.50858	1
0.50908	1
0.50958	1
0.51008	1
0.51058	1
0.51108	1
0.51158	1
0.51208	1
0.51258	1
0.51308	1
0.51358	1
0.51408	1
0.51458	1
0.51508	1
0.51559	1
0.51609	1
0.51659	1
0.51709	1
0.51759	1
0.51809	1
0.51859	1
0.51909	1
0.51959	1
0.52009	1
0.52059	1
0.52109	1
0.52159	1
0.52209	1
0.52259	1
0.52309	1
0.52359	1
0.52409	1
0.52459	1
0.52509	1
0.52559	1
0.52609	1
0.52659	1
0.52709	1
0.52759	1
0.52809	1
0.52859	1
0.52909	1
0.52959	1
0.53009	1
0.53059	1
0.53109	1
0.53159	1
0.53209	1
0.53259	1
0.53309	1
0.53359	1
0.53409	1
0.53459	1
0.53509	1
0.53559	1
0.53609	3
0.53659	3
0.53709	3
0.53759	3
0.53809	3
0.53859	3
0.53909	3
0.53959	3
0.54009	3
0.54059	3
0.54109	3
0.54159	3
0.54209	3
0.54259	3
0.54309	3
0.54359	3
0.54409	3
0.54459	3
0.54509	3
0.54559	3
0.54609	3
0.54659	3
0.54709	3
0.54759	3
0.54809	3
0.54859	3
0.54909	3
0.54959	3
0.55009	3
0.55059	3
0.55109	1
0.55159	1
0.55209	1
0.55259	1
0.55309	1
0.55359	1
0.55409	1
0.55459	1
0.55509	1
0.55559	1
0.55609	1
0.55659	1
0.55709	1
0.55759	1
0.55809	1
0.55859	1
0.55909	1
0.55959	1
0.56009	1
0.56059	1
0.56109	1
0.56159	1
0.56209	1
0.56259	1
0.56309	1
0.56359	1
0.56409	1
0.56459	1
0.56509	1
0.56559	1
0.56609	1
0.56659	1
0.56709	1
0.56759	1
0.56809	1
0.56859	1
0.56909	3
0.56959	3
0.57009	3
0.57059	3
0.57109	3
0.57159	3
0.57209	3
0.57259	3
0.57309	3
0.57359	3
0.57409	3
0.57459	3
0.57509	3
0.57559	3
0.5761	3
0.5766	3
0.5771	3
0.5776	3
0.5781	3
0.5786	3
0.5791	3
0.5796	3
0.5801	3
0.5806	3
0.5811	3
0.5816	3
0.5821	3
0.5826	3
0.5831	3
0.5836	3
0.5841	3
0.5846	3
0.5851	3
0.5856	3
0.5861	3
0.5866	3
0.5871	3
0.5876	3
0.5881	3
0.5886	3
0.5891	3
0.5896	3
0.5901	3
0.5906	3
0.5911	3
0.5916	3
0.5921	3
0.5926	3
0.5931	3
0.5936	3
0.5941	3
0.5946	3
0.5951	3
0.5956	3
0.5961	3
0.5966	3
0.5971	3
0.5976	3
0.5981	3
0.5986	3
0.5991	3
0.5996	3
0.6001	3
0.6006	3
0.6011	3
0.6016	3
0.6021	3
0.6026	3
0.6031	3
0.6036	3
0.6041	3
0.6046	3
0.6051	3
0.6056	3
0.6061	3
0.6066	3
0.6071	3
0.6076	3
0.6081	3
0.6086	3
0.6091	3
0.6096	3
0.6101	3
0.6106	3
0.6111	3
0.6116	3
0.6121	3
0.6126	3
0.6131	3
0.6136	3
0.6141	3
0.6146	3
0.6151	3
0.6156	3
0.6161	3
0.6166	3
0.6171	3
0.6176	3
0.6181	3
0.6186	3
0.6191	3
0.6196	3
0.6201	3
0.6206	3
0.6211	3
0.6216	3
0.6221	3
0.6226	3
0.6231	3
0.6236	3
0.6241	3
0.6246	3
0.6251	3
0.6256	3
0.6261	3
0.6266	3
0.6271	3
0.6276	3
0.6281	3
0.6286	3
0.6291	3
0.6296	3
0.6301	3
0.6306	3
0.6311	3
0.6316	3
0.6321	3
0.6326	3
0.6331	3
0.6336	3
0.6341	3
0.6346	3
0.6351	3
0.6356	3
0.6361	3
0.63661	3
0.63711	3
0.63761	3
0.63811	3
0.63861	3
0.63911	3
0.63961	3
0.64011	3
0.64061	3
0.64111	3
0.64161	3
0.64211	3
0.64261	3
0.64311	3
0.64361	3
0.64411	3
0.64461	3
0.64511	3
0.64561	3
0.64611	3
0.64661	3
0.64711	3
0.64761	3
0.64811	3
0.64861	3
0.64911	3
0.64961	3
0.65011	3
0.65061	3
0.65111	3
0.65161	3
0.65211	3
0.65261	3
0.65311	3
0.65361	3
0.65411	3
0.65461	3
0.65511	3
0.65561	3
0.65611	3
0.65661	3
0.65711	3
0.65761	3
0.65811	3
0.65861	3
0.65911	3
0.65961	3
0.66011	3
0.66061	3
0.66111	3
0.66161	3
0.66211	3
0.66261	3
0.66311	3
0.66361	3
0.66411	3
0.66461	3
0.66511	3
0.66561	3
0.66611	3
0.66661	3
0.66711	3
0.66761	3
0.66811	3
0.66861	3
0.66911	3
0.66961	3
0.67011	3
0.67061	3
0.67111	3
0.67161	3
0.67211	3
0.67261	3
0.67311	3
0.67361	3
0.67411	3
0.67461	3
0.67511	3
0.67561	3
0.67611	3
0.67661	3
0.67711	3
0.67761	3
0.67811	3
0.67861	3
0.67911	3
0.67961	3
0.68011	3
0.68061	3
0.68111	3
0.68161	3
0.68211	3
0.68261	3
0.68311	3
0.68361	3
0.68411	3
0.68461	3
0.68511	3
0.68561	3
0.68611	3
0.68661	3
0.68711	3
0.68761	3
0.68811	3
0.68861	3
0.68911	3
0.68961	3
0.69011	3
0.69061	3
0.69111	3
0.69161	3
0.69211	3
0.69261	3
0.69311	3
0.69361	3
0.69411	3
0.69461	3
0.69511	3
0.69561	3
0.69611	3
0.69661	3
0.69712	3
0.69762	3
0.69812	3
0.69862	3
0.69912	3
0.69962	3
0.70012	3
0.70062	3
0.70112	3
0.70162	3
0.70212	3
0.70262	3
0.70312	3
0.70362	3
0.70412	3
0.70462	3
0.70512	1
0.70562	1
0.70612	1
0.70662	1
0.70712	1
0.70762	1
0.70812	1
0.70862	1
0.70912	1
0.70962	1
0.71012	1
0.71062	1
0.71112	1
0.71162	1
0.71212	1
0.71262	1
0.71312	1
0.71362	1
0.71412	1
0.71462	1
0.71512	1
0.71562	1
0.71612	1
0.71662	1
0.71712	1
0.71762	1
0.71812	1
0.71862	1
0.71912	1
0.71962	1
0.72012	1
0.72062	1
0.72112	1
0.72162	1
0.72212	1
0.72262	1
0.72312	1
0.72362	1
0.72412	1
0.72462	1
0.72512	1
0.72562	1
0.72612	1
0.72662	1
0.72712	1
0.72762	1
0.72812	1
0.72862	1
0.72912	1
0.72962	1
0.73012	1
0.73062	1
0.73112	1
0.73162	1
0.73212	1
0.73262	1
0.73312	1
0.73362	1
0.73412	1
0.73462	1
0.73512	1
0.73562	1
0.73612	1
0.73662	1
0.73712	1
0.73762	1
0.73812	1
0.73862	1
0.73912	1
0.73962	1
0.74012	1
0.74062	1
0.74112	1
0.74162	1
0.74212	1
0.74262	1
0.74312	1
0.74362	1
0.74412	1
0.74462	1
0.74512	1
0.74562	1
0.74612	1
0.74662	1
0.74712	1
0.74762	1
0.74812	1
0.74862	1
0.74912	1
0.74962	1
0.75012	1
0.75062	1
0.75112	1
0.75162	1
0.75212	1
0.75262	1
0.75312	1
0.75362	1
0.75412	1
0.75462	1
0.75512	1
0.75562	1
0.75612	1
0.75662	1
0.75712	1
0.75763	1
0.75813	1
0.75863	1
0.75913	1
0.75963	1
0.76013	1
0.76063	1
0.76113	1
0.76163	1
0.76213	1
0.76263	1
0.76313	1
0.76363	1
0.76413	1
0.76463	1
0.76513	1
0.76563	1
0.76613	1
0.76663	1
0.76713	1
0.76763	1
0.76813	1
0.76863	1
0.76913	1
0.76963	1
0.77013	3
0.77063	3
0.77113	3
0.77163	3
0.77213	3
0.77263	3
0.77313	3
0.77363	3
0.77413	3
0.77463	3
0.77513	3
0.77563	3
0.77613	3
0.77663	3
0.77713	3
0.77763	3
0.77813	3
0.77863	3
0.77913	3
0.77963	3
0.78013	3
0.78063	3
0.78113	3
0.78163	3
0.78213	3
0.78263	3
0.78313	3
0.78363	3
0.78413	3
0.78463	3
0.78513	3
0.78563	3
0.78613	3
0.78663	3
0.78713	3
0.78763	3
0.78813	3
0.78863	3
0.78913	3
0.78963	3
0.79013	3
0.79063	3
0.79113	3
0.79163	3
0.79213	3
0.79263	3
0.79313	3
0.79363	3
0.79413	3
0.79463	3
0.79513	3
0.79563	3
0.79613	3
0.79663	3
0.79713	3
0.79763	3
0.79813	3
0.79863	3
0.79913	3
0.79963	3
0.80013	3
0.80063	3
0.80113	3
0.80163	3
0.80213	3
0.80263	3
0.80313	3
0.80363	3
0.80413	3
0.80463	3
0.80513	3
0.80563	3
0.80613	3
0.80663	3
0.80713	3
0.80763	3
0.80813	3
0.80863	3
0.80913	3
0.80963	3
0.81013	3
0.81063	3
0.81113	3
0.81163	3
0.81213	3
0.81263	3
0.81313	3
0.81363	3
0.81413	3
0.81463	3
0.81513	3
0.81563	3
0.81613	3
0.81663	3
0.81713	3
0.81763	3
0.81814	3
0.81864	3
0.81914	3
0.81964	3
0.82014	3
0.82064	3
0.82114	3
0.82164	3
0.82214	3
0.82264	3
0.82314	3
0.82364	3
0.82414	3
0.82464	3
0.82514	1
0.82564	1
0.82614	1
0.82664	1
0.82714	1
0.82764	1
0.82814	1
0.82864	1
0.82914	1
0.82964	1
0.83014	1
0.83064	2
0.83114	2
0.83164	2
0.83214	2
0.83264	2
0.83314	2
0.83364	2
0.83414	2
0.83464	2
0.83514	2
0.83564	2
0.83614	2
0.83664	2
0.83714	2
0.83764	2
0.83814	2
0.83864	2
0.83914	2
0.83964	2
0.84014	2
0.84064	2
0.84114	2
0.84164	2
0.84214	2
0.84264	2
0.84314	2
0.84364	2
0.84414	2
0.84464	2
0.84514	2
0.84564	2
0.84614	2
0.84664	2
0.84714	2
0.84764	2
0.84814	2
0.84864	2
0.84914	2
0.84964	2
0.85014	2
0.85064	2
0.85114	2
0.85164	2
0.85214	2
0.85264	2
0.85314	2
0.85364	2
0.85414	2
0.85464	2
0.85514	2
0.85564	2
0.85614	2
0.85664	2
0.85714	2
0.85764	2
0.85814	2
0.85864	2
0.85914	2
0.85964	2
0.86014	2
0.86064	2
0.86114	2
0.86164	2
0.86214	2
0.86264	2
0.86314	2
0.86364	2
0.86414	2
0.86464	2
0.86514	2
0.86564	2
0.86614	2
0.86664	2
0.86714	2
0.86764	2
0.86814	2
0.86864	2
0.86914	2
0.86964	2
0.87014	2
0.87064	2
0.87114	2
0.87164	2
0.87214	2
0.87264	2
0.87314	2
0.87364	2
0.87414	2
0.87464	2
0.87514	2
0.87564	2
0.87614	2
0.87664	2
0.87714	2
0.87764	2
0.87814	2
0.87864	2
0.87915	2
0.87965	2
0.88015	2
0.88065	2
0.88115	2
0.88165	2
0.88215	2
0.88265	2
0.88315	2
0.88365	2
0.88415	2
0.88465	2
0.88515	2
0.88565	2
0.88615	2
0.88665	2
0.88715	2
0.88765	2
0.88815	2
0.88865	2
0.88915	2
0.88965	2
0.89015	2
0.89065	2
0.89115	2
0.89165	2
0.89215	2
0.89265	2
0.89315	2
0.89365	2
0.89415	2
0.89465	2
0.89515	2
0.89565	2
0.89615	2
0.89665	2
0.89715	2
0.89765	2
0.89815	2
0.89865	2
0.89915	2
0.89965	2
0.90015	2
0.90065	2
0.90115	2
0.90165	2
0.90215	2
0.90265	2
0.90315	2
0.90365	2
0.90415	2
0.90465	2
0.90515	2
0.90565	2
0.90615	2
0.90665	2
0.90715	2
0.90765	2
0.90815	2
0.90865	2
0.90915	2
0.90965	2
0.91015	2
0.91065	2
0.91115	2
0.91165	2
0.91215	2
0.91265	2
0.91315	2
0.91365	2
0.91415	2
0.91465	2
0.91515	2
0.91565	2
0.91615	2
0.91665	2
0.91715	2
0.91765	2
0.91815	2
0.91865	2
0.91915	2
0.91965	2
0.92015	2
0.92065	2
0.92115	2
0.92165	2
0.92215	2
0.92265	2
0.92315	2
0.92365	2
0.92415	2
0.92465	2
0.92515	2
0.92565	2
0.92615	2
0.92665	2
0.92715	2
0.92765	2
0.92815	2
0.92865	2
0.92915	2
0.92965	2
0.93015	2
0.93065	2
0.93115	2
0.93165	2
0.93215	2
0.93265	2
0.93315	2
0.93365	2
0.93415	2
0.93465	2
0.93515	2
0.93565	2
0.93615	2
0.93665	2
0.93715	2
0.93765	2
0.93815	2
0.93865	2
0.93915	2
0.93966	2
0.94016	2
0.94066	2
0.94116	2
0.94166	2
0.94216	2
0.94266	2
0.94316	2
0.94366	2
0.94416	2
0.94466	2
0.94516	2
0.94566	2
0.94616	2
0.94666	2
0.94716	2
0.94766	2
0.94816	2
0.94866	2
0.94916	2
0.94966	2
0.95016	2
0.95066	2
0.95116	2
0.95166	2
0.95216	2
0.95266	2
0.95316	2
0.95366	2
0.95416	2
0.95466	2
0.95516	2
0.95566	2
0.95616	2
0.95666	2
0.95716	2
0.95766	2
0.95816	2
0.95866	2
0.95916	2
0.95966	2
0.96016	2
0.96066	2
0.96116	2
0.96166	2
0.96216	2
0.96266	2
0.96316	2
0.96366	2
0.96416	2
0.96466	2
0.96516	2
0.96566	2
0.96616	2
0.96666	2
0.96716	2
0.96766	2
0.96816	2
0.96866	2
0.96916	1
0.96966	1
0.97016	1
0.97066	1
0.97116	1
0.97166	1
0.97216	1
0.97266	1
0.97316	1
0.97366	1
0.97416	1
0.97466	1
0.97516	1
0.97566	1
0.97616	1
0.97666	1
0.97716	1
0.97766	1
0.97816	1
0.97866	1
0.97916	1
0.97966	1
0.98016	1
0.98066	1
0.98116	1
0.98166	1
0.98216	2
0.98266	2
0.98316	2
0.98366	2
0.98416	2
0.98466	2
0.98516	2
0.98566	2
0.98616	2
0.98666	2
0.98716	2
0.98766	2
0.98816	2
0.98866	2
0.98916	2
0.98966	2
0.99016	2
0.99066	2
0.99116	2
0.99166	2
0.99216	2
0.99266	2
0.99316	2
0.99366	2
0.99416	2
0.99466	2
0.99516	2
0.99566	2
0.99616	2
0.99666	2
0.99716	2
0.99766	2
0.99816	2
0.99866	2
0.99916	2
0.99966	2
1.0002	2
1.0007	2
1.0012	2
1.0017	2
1.0022	2
1.0027	2
1.0032	2
1.0037	2
1.0042	2
1.0047	2
1.0052	2
1.0057	2
1.0062	2
1.0067	2
1.0072	2
1.0077	2
1.0082	2
1.0087	2
1.0092	2
1.0097	2
1.0102	2
1.0107	2
1.0112	2
1.0117	2
1.0122	2
1.0127	2
1.0132	2
1.0137	2
1.0142	2
1.0147	2
1.0152	2
1.0157	2
1.0162	2
1.0167	2
1.0172	2
1.0177	2
1.0182	2
1.0187	2
1.0192	2
1.0197	2
1.0202	2
1.0207	2
1.0212	2
1.0217	2
1.0222	2
1.0227	2
1.0232	2
1.0237	2
1.0242	2
1.0247	2
1.0252	2
1.0257	2
1.0262	2
1.0267	2
1.0272	2
1.0277	2
1.0282	2
1.0287	2
1.0292	2
1.0297	2
1.0302	2
1.0307	2
1.0312	2
1.0317	2
1.0322	2
1.0327	2
1.0332	2
1.0337	2
1.0342	2
1.0347	2
1.0352	2
1.0357	2
1.0362	2
1.0367	2
1.0372	2
1.0377	2
1.0382	2
1.0387	2
1.0392	2
1.0397	2
1.0402	2
1.0407	2
1.0412	2
1.0417	2
1.0422	2
1.0427	2
1.0432	2
1.0437	2
1.0442	2
1.0447	2
1.0452	2
1.0457	2
1.0462	2
1.0467	2
1.0472	2
1.0477	2
1.0482	2
1.0487	2
1.0492	2
1.0497	2
1.0502	2
1.0507	2
1.0512	2
1.0517	2
1.0522	2
1.0527	2
1.0532	2
1.0537	2
1.0542	2
1.0547	2
1.0552	2
1.0557	2
1.0562	1
1.0567	1
1.0572	1
1.0577	1
1.0582	1
1.0587	1
1.0592	1
1.0597	1
1.0602	1
1.0607	1
1.0612	1
1.0617	1
1.0622	1
1.0627	1
1.0632	1
1.0637	1
1.0642	1
1.0647	1
1.0652	1
1.0657	1
1.0662	1
1.0667	1
1.0672	1
1.0677	1
1.0682	1
1.0687	1
1.0692	1
1.0697	1
1.0702	1
1.0707	1
1.0712	1
1.0717	1
1.0722	1
1.0727	1
1.0732	1
1.0737	1
1.0742	1
1.0747	1
1.0752	1
1.0757	1
1.0762	1
1.0767	1
1.0772	1
1.0777	1
1.0782	1
1.0787	1
1.0792	1
1.0797	1
1.0802	1
1.0807	1
1.0812	1
1.0817	1
1.0822	1
1.0827	1
1.0832	1
1.0837	1
1.0842	1
1.0847	1
1.0852	1
1.0857	1
1.0862	1
1.0867	1
1.0872	1
1.0877	1
1.0882	1
1.0887	1
1.0892	1
1.0897	1
1.0902	1
1.0907	1
1.0912	1
1.0917	1
1.0922	1
1.0927	1
1.0932	1
1.0937	1
1.0942	1
1.0947	1
1.0952	1
1.0957	1
1.0962	1
1.0967	1
1.0972	1
1.0977	1
1.0982	1
1.0987	1
1.0992	1
1.0997	1
1.1002	1
1.1007	1
1.1012	1
1.1017	1
1.1022	1
1.1027	1
1.1032	1
1.1037	1
1.1042	1
1.1047	1
1.1052	1
1.1057	1
1.1062	1
1.1067	1
1.1072	1
1.1077	1
1.1082	1
1.1087	1
1.1092	1
1.1097	1
1.1102	1
1.1107	1
1.1112	1
1.1117	1
1.1122	1
1.1127	1
1.1132	1
1.1137	1
1.1142	1
1.1147	1
1.1152	1
1.1157	1
1.1162	1
1.1167	1
1.1172	1
1.1177	1
1.1182	1
1.1187	1
1.1192	1
1.1197	1
1.1202	1
1.1207	1
1.1212	1
1.1217	1
1.1222	1
1.1227	1
1.1232	1
1.1237	1
1.1242	1
1.1247	1
1.1252	1
1.1257	1
1.1262	1
1.1267	1
1.1272	1
1.1277	1
1.1282	1
1.1287	1
1.1292	1
1.1297	1
1.1302	1
1.1307	1
1.1312	1
1.1317	1
1.1322	1
1.1327	1
1.1332	1
1.1337	1
1.1342	1
1.1347	1
1.1352	1
1.1357	1
1.1362	1
1.1367	1
1.1372	1
1.1377	1
1.1382	1
1.1387	1
1.1392	1
1.1397	1
1.1402	1
1.1407	1
1.1412	1
1.1417	1
1.1422	1
1.1427	1
1.1432	1
1.1437	1
1.1442	1
1.1447	1
1.1452	1
1.1457	1
1.1462	1
1.1467	1
1.1472	1
1.1477	1
1.1482	1
1.1487	1
1.1492	1
1.1497	1
1.1502	1
1.1507	1
1.1512	1
1.1517	1
1.1522	1
1.1527	1
1.1532	1
1.1537	1
1.1542	1
1.1547	1
1.1552	1
1.1557	1
1.1562	1
1.1567	1
1.1572	1
1.1577	1
1.1582	1
1.1587	1
1.1592	1
1.1597	1
1.1602	1
1.1607	1
1.1612	1
1.1617	1
1.1622	1
1.1627	1
1.1632	1
1.1637	1
1.1642	1
1.1647	1
1.1652	1
1.1657	1
1.1662	1
1.1667	1
1.1672	1
1.1677	1
1.1682	1
1.1687	1
1.1692	1
1.1697	1
1.1702	1
1.1707	1
1.1712	1
1.1717	1
1.1722	1
1.1727	1
1.1732	1
1.1737	1
1.1742	1
1.1747	1
1.1752	1
1.1757	1
1.1762	1
1.1767	1
1.1772	1
1.1777	1
1.1782	1
1.1787	1
1.1792	1
1.1797	1
1.1802	1
1.1807	1
1.1812	1
1.1817	1
1.1822	1
1.1827	1
1.1832	1
1.1837	1
1.1842	1
1.1847	1
1.1852	1
1.1857	1
1.1862	1
1.1867	1
1.1872	1
1.1877	1
1.1882	1
1.1887	1
1.1892	1
1.1897	1
1.1902	1
1.1907	1
1.1912	1
1.1917	1
1.1922	1
1.1927	1
1.1932	1
1.1937	1
1.1942	1
1.1947	1
1.1952	1
1.1957	1
1.1962	1
1.1967	1
1.1972	1
1.1977	1
1.1982	1
1.1987	1
1.1992	1
1.1997	1
1.2002	1
1.2007	1
1.2012	1
1.2017	1
1.2022	1
1.2027	1
1.2032	1
1.2037	1
1.2042	1
1.2047	1
1.2052	1
1.2057	1
1.2062	1
1.2067	1
1.2072	1
1.2077	1
1.2082	1
1.2087	1
1.2092	1
1.2097	1
1.2102	1
1.2107	1
1.2112	1
1.2117	1
1.2122	1
1.2127	1
1.2132	1
1.2137	1
1.2142	1
1.2147	1
1.2152	1
1.2157	1
1.2162	1
1.2167	1
1.2172	1
1.2177	1
1.2182	1
1.2187	1
1.2192	1
1.2197	1
1.2202	1
1.2207	1
1.2212	1
1.2217	1
1.2222	1
1.2227	1
1.2232	1
1.2237	1
1.2242	1
1.2247	1
1.2252	1
1.2257	1
1.2262	1
1.2267	1
1.2272	1
1.2277	1
1.2282	1
1.2287	1
1.2292	1
1.2297	1
1.2302	1
1.2307	1
1.2312	1
1.2317	1
1.2322	1
1.2327	1
1.2332	1
1.2337	1
1.2342	1
1.2347	1
1.2352	1
1.2357	1
1.2362	1
1.2367	1
1.2372	1
1.2377	1
1.2382	1
1.2387	1
1.2392	1
1.2397	1
1.2402	1
1.2407	1
1.2412	1
1.2417	1
1.2422	1
1.2427	1
1.2432	1
1.2437	1
1.2442	1
1.2447	1
1.2452	1
1.2457	1
1.2462	1
1.2467	1
1.2472	1
1.2477	1
1.2482	1
1.2487	1
1.2492	1
1.2497	1
1.2502	1
1.2507	1
1.2512	1
1.2517	1
1.2522	1
1.2527	1
1.2532	1
1.2537	1
1.2542	1
1.2547	1
1.2552	1
1.2557	1
1.2562	1
1.2567	1
1.2572	1
1.2577	1
1.2582	1
1.2587	1
1.2592	1
1.2597	1
1.2602	1
1.2607	1
1.2612	1
1.2617	1
1.2622	1
1.2627	1
1.2632	1
1.2637	1
1.2642	1
1.2647	1
1.2652	1
1.2657	1
1.2662	1
1.2667	1
1.2672	1
1.2677	1
1.2682	2
1.2687	2
1.2692	2
1.2697	2
1.2702	2
1.2707	2
1.2712	2
1.2717	2
1.2722	2
1.2727	2
1.2732	2
1.2737	2
1.2742	2
1.2747	2
1.2752	2
1.2757	2
1.2762	2
1.2767	2
1.2772	2
1.2777	2
1.2782	2
1.2787	2
1.2792	2
1.2797	2
1.2802	2
1.2807	2
1.2812	2
1.2817	2
1.2822	2
1.2827	2
1.2832	2
1.2837	2
1.2842	2
1.2847	2
1.2852	2
1.2857	2
1.2862	2
1.2867	2
1.2872	2
1.2877	2
1.2882	2
1.2887	2
1.2892	2
1.2897	2
1.2902	2
1.2907	2
1.2912	2
1.2917	2
1.2922	2
1.2927	2
1.2932	2
1.2937	2
1.2942	2
1.2947	2
1.2952	2
1.2957	2
1.2962	2
1.2967	2
1.2972	2
1.2977	2
1.2982	2
1.2987	2
1.2992	2
1.2997	2
1.3002	2
1.3007	2
1.3012	2
1.3017	2
1.3022	2
1.3027	2
1.3032	2
1.3037	2
1.3042	2
1.3047	2
1.3052	2
1.3057	2
1.3062	2
1.3067	2
1.3072	2
1.3077	2
1.3082	2
1.3087	2
1.3092	2
1.3097	2
1.3102	2
1.3107	2
1.3112	2
1.3117	2
1.3122	2
1.3127	2
1.3132	2
1.3137	2
1.3142	2
1.3147	2
1.3152	2
1.3157	2
1.3162	2
1.3167	2
1.3172	2
1.3177	2
1.3182	2
1.3187	2
1.3192	2
1.3197	2
1.3202	2
1.3207	2
1.3212	2
1.3217	2
1.3222	2
1.3227	2
1.3232	2
1.3237	2
1.3242	2
1.3247	2
1.3252	2
1.3257	2
1.3262	2
1.3267	2
1.3272	2
1.3277	2
1.3282	2
1.3287	2
1.3292	2
1.3297	2
1.3302	2
1.3307	2
1.3312	2
1.3317	2
1.3322	2
1.3327	2
1.3332	2
1.3337	2
1.3342	2
1.3347	2
1.3352	2
1.3357	2
1.3362	2
1.3367	2
1.3372	2
1.3377	2
1.3382	2
1.3387	2
1.3392	2
1.3397	2
1.3402	2
1.3407	2
1.3412	2
1.3417	2
1.3422	2
1.3427	2
1.3432	2
1.3437	2
1.3442	2
1.3447	2
1.3452	2
1.3457	2
1.3462	2
1.3467	2
1.3472	2
1.3477	2
1.3482	2
1.3487	2
1.3492	2
1.3497	2
1.3502	2
1.3507	2
1.3512	2
1.3517	2
1.3522	2
1.3527	2
1.3532	2
1.3537	2
1.3542	2
1.3547	2
1.3552	2
1.3557	2
1.3562	2
1.3567	2
1.3572	2
1.3577	2
1.3582	2
1.3587	2
1.3592	2
1.3597	2
1.3602	2
1.3607	2
1.3612	2
1.3617	2
1.3622	2
1.3627	2
1.3632	2
1.3637	2
1.3642	2
1.3647	2
1.3652	2
1.3657	2
1.3662	2
1.3667	2
1.3672	2
1.3677	2
1.3682	2
1.3687	2
1.3692	2
1.3697	2
1.3702	2
1.3707	2
1.3712	2
1.3717	2
1.3722	2
1.3727	2
1.3732	2
1.3737	2
1.3742	2
1.3747	2
1.3752	2
1.3757	2
1.3762	2
1.3767	2
1.3772	2
1.3777	2
1.3782	2
1.3787	2
1.3792	2
1.3797	2
1.3802	2
1.3807	2
1.3812	2
1.3817	2
1.3822	2
1.3827	2
1.3832	2
1.3837	2
1.3842	2
1.3847	2
1.3852	2
1.3857	2
1.3862	2
1.3867	2
1.3872	2
1.3877	2
1.3882	2
1.3887	2
1.3892	2
1.3897	2
1.3902	2
1.3907	2
1.3912	2
1.3917	2
1.3922	2
1.3927	2
1.3932	2
1.3937	2
1.3942	2
1.3947	2
1.3952	2
1.3957	2
1.3962	2
1.3967	2
1.3972	2
1.3977	2
1.3982	2
1.3987	2
1.3992	2
1.3997	2
1.4002	2
1.4007	2
1.4012	2
1.4017	2
1.4022	2
1.4027	2
1.4032	2
1.4037	2
1.4042	2
1.4047	2
1.4052	2
1.4057	2
1.4062	2
1.4067	2
1.4072	2
1.4077	2
1.4082	2
1.4087	2
1.4092	2
1.4097	2
1.4102	2
1.4107	2
1.4112	2
1.4117	2
1.4122	2
1.4127	2
1.4132	2
1.4137	2
1.4142	2
1.4147	2
1.4152	2
1.4157	2
1.4162	2
1.4167	2
1.4172	2
1.4177	2
1.4182	2
1.4187	2
1.4192	2
1.4197	2
1.4202	2
1.4207	2
1.4212	2
1.4217	2
1.4222	2
1.4227	2
1.4232	2
1.4237	2
1.4242	2
1.4247	2
1.4252	2
1.4257	2
1.4262	2
1.4267	2
1.4272	2
1.4277	2
1.4282	2
1.4287	2
1.4292	2
1.4297	2
1.4302	2
1.4307	2
1.4312	2
1.4317	2
1.4322	2
1.4327	2
1.4332	2
1.4337	2
1.4342	2
1.4347	2
1.4352	2
1.4357	2
1.4362	2
1.4367	2
1.4372	2
1.4377	2
1.4382	2
1.4387	2
1.4392	2
1.4397	2
1.4402	2
1.4407	2
1.4412	2
1.4417	2
1.4422	2
1.4427	2
1.4432	2
1.4437	2
1.4442	2
1.4447	2
1.4452	2
1.4457	2
1.4462	2
1.4467	2
1.4472	2
1.4477	2
1.4482	2
1.4487	2
1.4492	2
1.4497	2
1.4502	2
1.4507	2
1.4512	2
1.4517	2
1.4522	2
1.4527	2
1.4532	2
1.4537	2
1.4542	2
1.4547	2
1.4552	2
1.4557	2
1.4562	2
1.4567	2
1.4572	2
1.4577	2
1.4582	2
1.4587	2
1.4592	2
1.4597	2
1.4602	2
1.4607	2
1.4612	2
1.4617	2
1.4622	2
1.4627	2
1.4632	2
1.4637	2
1.4642	2
1.4647	2
1.4652	2
1.4657	2
1.4662	2
1.4667	2
1.4672	2
1.4677	2
1.4682	2
1.4687	2
1.4692	2
1.4697	2
1.4702	2
1.4707	2
1.4712	2
1.4717	2
1.4722	2
1.4727	2
1.4732	2
1.4737	2
1.4742	2
1.4747	2
1.4752	2
1.4757	2
1.4762	2
1.4767	2
1.4772	2
1.4777	2
1.4782	2
1.4787	2
1.4792	2
1.4797	2
1.4802	2
1.4807	2
1.4812	2
1.4817	2
1.4822	2
1.4827	2
1.4832	2
1.4837	2
1.4842	2
1.4847	2
1.4852	2
1.4857	2
1.4862	2
1.4867	2
1.4872	2
1.4877	2
1.4882	2
1.4887	2
1.4892	2
1.4897	2
1.4902	2
1.4907	2
1.4912	2
1.4917	2
1.4922	2
1.4927	2
1.4932	2
1.4937	2
1.4942	2
1.4947	2
1.4952	2
1.4957	2
1.4962	2
1.4967	2
1.4972	2
1.4977	2
1.4982	2
1.4987	2
1.4992	2
1.4997	2
1.5002	2
1.5007	2
1.5012	2
1.5017	2
1.5022	2
1.5027	2
1.5032	2
1.5037	2
1.5042	2
1.5047	2
1.5052	2
1.5057	2
1.5062	2
1.5067	2
1.5072	2
1.5077	2
1.5082	2
1.5087	2
1.5092	2
1.5097	2
1.5102	2
1.5107	2
1.5112	2
1.5117	1
1.5122	1
1.5127	1
1.5132	1
1.5137	1
1.5142	1
1.5147	1
1.5153	1
1.5158	1
1.5163	1
1.5168	1
1.5173	1
1.5178	1
1.5183	1
1.5188	1
1.5193	1
1.5198	1
1.5203	1
1.5208	1
1.5213	1
1.5218	1
1.5223	1
1.5228	1
1.5233	1
1.5238	1
1.5243	1
1.5248	1
1.5253	1
1.5258	1
1.5263	1
1.5268	1
1.5273	1
1.5278	1
1.5283	1
1.5288	1
1.5293	1
1.5298	1
1.5303	1
1.5308	1
1.5313	1
1.5318	1
1.5323	1
1.5328	1
1.5333	1
1.5338	1
1.5343	1
1.5348	1
1.5353	1
1.5358	1
1.5363	1
1.5368	1
1.5373	1
1.5378	1
1.5383	1
1.5388	1
1.5393	1
1.5398	1
1.5403	1
1.5408	1
1.5413	1
1.5418	1
1.5423	1
1.5428	1
1.5433	1
1.5438	1
1.5443	1
1.5448	1
1.5453	1
1.5458	1
1.5463	1
1.5468	1
1.5473	1
1.5478	1
1.5483	1
1.5488	1
1.5493	1
1.5498	1
1.5503	1
1.5508	1
1.5513	1
1.5518	1
1.5523	1
1.5528	1
1.5533	1
1.5538	1
1.5543	1
1.5548	1
1.5553	1
1.5558	1
1.5563	1
1.5568	1
1.5573	1
1.5578	1
1.5583	1
1.5588	1
1.5593	1
1.5598	1
1.5603	1
1.5608	1
1.5613	1
1.5618	1
1.5623	1
1.5628	1
1.5633	1
1.5638	1
1.5643	1
1.5648	1
1.5653	1
1.5658	1
1.5663	1
1.5668	1
1.5673	1
1.5678	1
1.5683	1
1.5688	1
1.5693	1
1.5698	1
1.5703	1
1.5708	1
1.5713	1
1.5718	1
1.5723	1
1.5728	1
1.5733	1
1.5738	1
1.5743	1
1.5748	1
1.5753	1
1.5758	1
1.5763	1
1.5768	1
1.5773	1
1.5778	1
1.5783	1
1.5788	1
1.5793	1
1.5798	1
1.5803	1
1.5808	1
1.5813	1
1.5818	1
1.5823	1
1.5828	1
1.5833	1
1.5838	1
1.5843	1
1.5848	1
1.5853	1
1.5858	1
1.5863	1
1.5868	1
1.5873	1
1.5878	1
1.5883	1
1.5888	1
1.5893	1
1.5898	1
1.5903	1
1.5908	1
1.5913	1
1.5918	1
1.5923	1
1.5928	1
1.5933	1
1.5938	1
1.5943	1
1.5948	1
1.5953	1
1.5958	1
1.5963	1
1.5968	1
1.5973	1
1.5978	1
1.5983	1
1.5988	1
1.5993	1
1.5998	1
1.6003	1
1.6008	1
1.6013	1
1.6018	1
1.6023	1
1.6028	1
1.6033	1
1.6038	1
1.6043	1
1.6048	1
1.6053	1
1.6058	1
1.6063	1
1.6068	1
1.6073	1
1.6078	1
1.6083	1
1.6088	1
1.6093	1
1.6098	1
1.6103	1
1.6108	1
1.6113	1
1.6118	1
1.6123	1
1.6128	1
1.6133	1
1.6138	1
1.6143	1
1.6148	1
1.6153	1
1.6158	1
1.6163	1
1.6168	1
1.6173	1
1.6178	1
1.6183	1
1.6188	1
1.6193	1
1.6198	1
1.6203	1
1.6208	1
1.6213	1
1.6218	1
1.6223	1
1.6228	1
1.6233	1
1.6238	1
1.6243	1
1.6248	1
1.6253	1
1.6258	1
1.6263	1
1.6268	1
1.6273	1
1.6278	1
1.6283	1
1.6288	1
1.6293	1
1.6298	1
1.6303	1
1.6308	1
1.6313	1
1.6318	1
1.6323	1
1.6328	1
1.6333	1
1.6338	1
1.6343	1
1.6348	1
1.6353	1
1.6358	1
1.6363	1
1.6368	1
1.6373	1
1.6378	1
1.6383	1
1.6388	1
1.6393	1
1.6398	1
1.6403	1
1.6408	1
1.6413	1
1.6418	1
1.6423	1
1.6428	1
1.6433	1
1.6438	1
1.6443	1
1.6448	1
1.6453	1
1.6458	1
1.6463	1
1.6468	1
1.6473	1
1.6478	1
1.6483	1
1.6488	1
1.6493	1
1.6498	1
1.6503	1
1.6508	1
1.6513	1
1.6518	1
1.6523	1
1.6528	1
1.6533	1
1.6538	1
1.6543	1
1.6548	1
1.6553	1
1.6558	1
1.6563	1
1.6568	1
1.6573	1
1.6578	1
1.6583	1
1.6588	1
1.6593	1
1.6598	1
1.6603	1
1.6608	1
1.6613	1
1.6618	1
1.6623	1
1.6628	1
1.6633	1
1.6638	1
1.6643	1
1.6648	1
1.6653	1
1.6658	1
1.6663	1
1.6668	1
1.6673	1
1.6678	1
1.6683	1
1.6688	1
1.6693	1
1.6698	1
1.6703	1
1.6708	1
1.6713	1
1.6718	1
1.6723	1
1.6728	1
1.6733	1
1.6738	1
1.6743	1
1.6748	1
1.6753	1
1.6758	1
1.6763	1
1.6768	1
1.6773	1
1.6778	1
1.6783	1
1.6788	1
1.6793	1
1.6798	1
1.6803	1
1.6808	1
1.6813	1
1.6818	1
1.6823	1
1.6828	1
1.6833	1
1.6838	1
1.6843	1
1.6848	1
1.6853	1
1.6858	1
1.6863	1
1.6868	1
1.6873	1
1.6878	1
1.6883	1
1.6888	1
1.6893	1
1.6898	1
1.6903	1
1.6908	1
1.6913	1
1.6918	1
1.6923	1
1.6928	1
1.6933	1
1.6938	1
1.6943	1
1.6948	1
1.6953	1
1.6958	1
1.6963	1
1.6968	1
1.6973	1
1.6978	1
1.6983	1
1.6988	1
1.6993	1
1.6998	1
1.7003	1
1.7008	1
1.7013	1
1.7018	1
1.7023	1
1.7028	1
1.7033	1
1.7038	1
1.7043	1
1.7048	1
1.7053	1
1.7058	1
1.7063	1
1.7068	1
1.7073	1
1.7078	1
1.7083	1
1.7088	1
1.7093	1
1.7098	1
1.7103	1
1.7108	1
1.7113	1
1.7118	1
1.7123	1
1.7128	1
1.7133	1
1.7138	1
1.7143	1
1.7148	1
1.7153	1
1.7158	1
1.7163	1
1.7168	1
1.7173	1
1.7178	1
1.7183	1
1.7188	1
1.7193	1
1.7198	1
1.7203	1
1.7208	1
1.7213	1
1.7218	1
1.7223	1
1.7228	1
1.7233	1
1.7238	1
1.7243	1
1.7248	1
1.7253	1
1.7258	1
1.7263	1
1.7268	1
1.7273	1
1.7278	1
1.7283	1
1.7288	1
1.7293	1
1.7298	1
1.7303	1
1.7308	1
1.7313	1
1.7318	1
1.7323	1
1.7328	1
1.7333	1
1.7338	1
1.7343	1
1.7348	1
1.7353	1
1.7358	1
1.7363	1
1.7368	1
1.7373	1
1.7378	1
1.7383	1
1.7388	1
1.7393	1
1.7398	1
1.7403	1
1.7408	1
1.7413	1
1.7418	1
1.7423	1
1.7428	1
1.7433	1
1.7438	1
1.7443	1
1.7448	1
1.7453	1
1.7458	1
1.7463	1
1.7468	1
1.7473	1
1.7478	1
1.7483	1
1.7488	1
1.7493	1
1.7498	1
1.7503	1
1.7508	1
1.7513	1
1.7518	1
1.7523	1
1.7528	1
1.7533	1
1.7538	1
1.7543	1
1.7548	1
1.7553	1
1.7558	1
1.7563	1
1.7568	1
1.7573	1
1.7578	1
1.7583	1
1.7588	1
1.7593	1
1.7598	1
1.7603	1
1.7608	1
1.7613	1
1.7618	1
1.7623	1
1.7628	1
1.7633	1
1.7638	1
1.7643	1
1.7648	1
1.7653	3
1.7658	3
1.7663	3
1.7668	3
1.7673	3
1.7678	3
1.7683	3
1.7688	3
1.7693	3
1.7698	3
1.7703	3
1.7708	3
1.7713	3
1.7718	3
1.7723	3
1.7728	3
1.7733	3
1.7738	3
1.7743	3
1.7748	3
1.7753	3
1.7758	3
1.7763	3
1.7768	3
1.7773	3
1.7778	3
1.7783	3
1.7788	3
1.7793	3
1.7798	3
1.7803	3
1.7808	3
1.7813	3
1.7818	3
1.7823	3
1.7828	3
1.7833	3
1.7838	3
1.7843	3
1.7848	3
1.7853	3
1.7858	3
1.7863	3
1.7868	3
1.7873	3
1.7878	3
1.7883	3
1.7888	3
1.7893	3
1.7898	3
1.7903	3
1.7908	3
1.7913	3
1.7918	3
1.7923	3
1.7928	3
1.7933	3
1.7938	3
1.7943	3
1.7948	3
1.7953	3
1.7958	3
1.7963	3
1.7968	3
1.7973	3
1.7978	3
1.7983	3
1.7988	3
1.7993	3
1.7998	3
1.8003	3
1.8008	3
1.8013	3
1.8018	3
1.8023	3
1.8028	3
1.8033	3
1.8038	3
1.8043	3
1.8048	3
1.8053	3
1.8058	3
1.8063	3
1.8068	3
1.8073	3
1.8078	3
1.8083	3
1.8088	3
1.8093	3
1.8098	1
1.8103	1
1.8108	1
1.8113	1
1.8118	1
1.8123	1
1.8128	1
1.8133	1
1.8138	1
1.8143	1
1.8148	1
1.8153	3
1.8158	3
1.8163	3
1.8168	3
1.8173	3
1.8178	3
1.8183	3
1.8188	3
1.8193	3
1.8198	3
1.8203	3
1.8208	3
1.8213	3
1.8218	3
1.8223	3
1.8228	3
1.8233	3
1.8238	3
1.8243	3
1.8248	3
1.8253	3
1.8258	3
1.8263	3
1.8268	3
1.8273	3
1.8278	3
1.8283	3
1.8288	3
1.8293	3
1.8298	3
1.8303	3
1.8308	3
1.8313	3
1.8318	3
1.8323	3
1.8328	3
1.8333	3
1.8338	3
1.8343	3
1.8348	3
1.8353	3
1.8358	3
1.8363	3
1.8368	3
1.8373	3
1.8378	3
1.8383	3
1.8388	3
1.8393	3
1.8398	3
1.8403	3
1.8408	3
1.8413	3
1.8418	3
1.8423	3
1.8428	3
1.8433	3
1.8438	3
1.8443	3
1.8448	3
1.8453	3
1.8458	3
1.8463	3
1.8468	3
1.8473	3
1.8478	3
1.8483	3
1.8488	3
1.8493	3
1.8498	3
1.8503	3
1.8508	3
1.8513	3
1.8518	3
1.8523	3
1.8528	3
1.8533	3
1.8538	3
1.8543	3
1.8548	3
1.8553	3
1.8558	3
1.8563	3
1.8568	3
1.8573	3
1.8578	3
1.8583	3
1.8588	3
1.8593	3
1.8598	3
1.8603	3
1.8608	3
1.8613	3
1.8618	3
1.8623	3
1.8628	3
1.8633	3
1.8638	3
1.8643	3
1.8648	3
1.8653	3
1.8658	3
1.8663	3
1.8668	3
1.8673	3
1.8678	3
1.8683	3
1.8688	3
1.8693	3
1.8698	3
1.8703	3
1.8708	3
1.8713	3
1.8718	3
1.8723	3
1.8728	3
1.8733	3
1.8738	3
1.8743	3
1.8748	3
1.8753	3
1.8758	3
1.8763	3
1.8768	3
1.8773	3
1.8778	3
1.8783	3
1.8788	3
1.8793	3
1.8798	3
1.8803	3
1.8808	3
1.8813	3
1.8818	3
1.8823	3
1.8828	3
1.8833	3
1.8838	3
1.8843	3
1.8848	3
1.8853	3
1.8858	3
1.8863	3
1.8868	3
1.8873	3
1.8878	3
1.8883	3
1.8888	3
1.8893	3
1.8898	3
1.8903	3
1.8908	3
1.8913	3
1.8918	3
1.8923	3
1.8928	3
1.8933	3
1.8938	3
1.8943	3
1.8948	3
1.8953	3
1.8958	3
1.8963	3
1.8968	3
1.8973	3
1.8978	3
1.8983	3
1.8988	3
1.8993	3
1.8998	3
1.9003	3
1.9008	3
1.9013	3
1.9018	3
1.9023	3
1.9028	3
1.9033	3
1.9038	3
1.9043	3
1.9048	3
1.9053	3
1.9058	3
1.9063	3
1.9068	3
1.9073	3
1.9078	3
1.9083	3
1.9088	3
1.9093	3
1.9098	3
1.9103	3
1.9108	3
1.9113	3
1.9118	3
1.9123	3
1.9128	3
1.9133	3
1.9138	3
1.9143	3
1.9148	3
1.9153	3
1.9158	3
1.9163	3
1.9168	3
1.9173	3
1.9178	3
1.9183	3
1.9188	3
1.9193	3
1.9198	3
1.9203	3
1.9208	3
1.9213	3
1.9218	3
1.9223	3
1.9228	3
1.9233	3
1.9238	1
1.9243	1
1.9248	1
1.9253	1
1.9258	1
1.9263	1
1.9268	1
1.9273	1
1.9278	1
1.9283	1
1.9288	1
1.9293	1
1.9298	1
1.9303	1
1.9308	1
1.9313	1
1.9318	1
1.9323	1
1.9328	1
1.9333	1
1.9338	1
1.9343	1
1.9348	1
1.9353	1
1.9358	1
1.9363	1
1.9368	1
1.9373	1
1.9378	1
1.9383	1
1.9388	1
1.9393	1
1.9398	1
1.9403	1
1.9408	1
1.9413	1
1.9418	1
1.9423	1
1.9428	1
1.9433	1
1.9438	1
1.9443	1
1.9448	1
1.9453	1
1.9458	1
1.9463	1
1.9468	1
1.9473	1
1.9478	1
1.9483	1
1.9488	1
1.9493	1
1.9498	1
1.9503	1
1.9508	1
1.9513	1
1.9518	1
1.9523	1
1.9528	1
1.9533	1
1.9538	1
1.9543	1
1.9548	1
1.9553	1
1.9558	1
1.9563	1
1.9568	1
1.9573	1
1.9578	1
1.9583	1
1.9588	1
1.9593	1
1.9598	1
1.9603	1
1.9608	1
1.9613	1
1.9618	1
1.9623	1
1.9628	1
1.9633	1
1.9638	1
1.9643	1
1.9648	1
1.9653	1
1.9658	1
1.9663	1
1.9668	1
1.9673	1
1.9678	1
1.9683	1
1.9688	1
1.9693	1
1.9698	1
1.9703	1
1.9708	1
1.9713	1
1.9718	1
1.9723	1
1.9728	1
1.9733	1
1.9738	1
1.9743	1
1.9748	1
1.9753	1
1.9758	1
1.9763	1
1.9768	1
1.9773	1
1.9778	1
1.9783	1
1.9788	1
1.9793	1
1.9798	1
1.9803	1
1.9808	1
1.9813	1
1.9818	1
1.9823	1
1.9828	1
1.9833	1
1.9838	1
1.9843	1
1.9848	1
1.9853	1
1.9858	1
1.9863	1
1.9868	1
1.9873	1
1.9878	1
1.9883	1
1.9888	1
1.9893	1
1.9898	1
1.9903	1
1.9908	1
1.9913	1
1.9918	1
1.9923	1
1.9928	1
1.9933	1
1.9938	1
1.9943	1
1.9948	1
1.9953	1
1.9958	1
1.9963	1
1.9968	1
1.9973	1
1.9978	1
1.9983	1
1.9988	1
1.9993	1
1.9998	1
2.0003	1
2.0008	3
2.0013	3
2.0018	3
2.0023	3
2.0028	3
2.0033	3
2.0038	3
2.0043	3
2.0048	3
2.0053	3
2.0058	3
2.0063	3
2.0068	3
2.0073	3
2.0078	3
2.0083	3
2.0088	3
2.0093	3
2.0098	3
2.0103	3
2.0108	3
2.0113	3
2.0118	3
2.0123	3
2.0128	3
2.0133	3
2.0138	3
2.0143	3
2.0148	3
2.0153	3
2.0158	3
2.0163	3
2.0168	3
2.0173	3
2.0178	3
2.0183	3
2.0188	3
2.0193	3
2.0198	3
2.0203	3
2.0208	3
2.0213	3
2.0218	3
2.0223	3
2.0228	3
2.0233	3
2.0238	3
2.0243	3
2.0248	3
2.0253	3
2.0258	3
2.0263	3
2.0268	3
2.0273	3
2.0278	3
2.0283	2
2.0288	2
2.0293	2
2.0298	2
2.0303	2
2.0308	2
2.0313	2
2.0318	2
2.0323	2
2.0328	2
2.0333	2
2.0338	2
2.0343	2
2.0348	2
2.0353	2
2.0358	2
2.0363	2
2.0368	2
2.0373	2
2.0378	2
2.0383	2
2.0388	2
2.0393	2
2.0398	2
2.0403	2
2.0408	2
2.0413	2
2.0418	2
2.0423	2
2.0428	2
2.0433	2
2.0438	2
2.0443	2
2.0448	2
2.0453	2
2.0458	2
2.0463	2
2.0468	2
2.0473	2
2.0478	2
2.0483	2
2.0488	2
2.0493	2
2.0498	2
2.0503	2
2.0508	2
2.0513	2
2.0518	2
2.0523	2
2.0528	2
2.0533	2
2.0538	2
2.0543	2
2.0548	2
2.0553	2
2.0558	2
2.0563	2
2.0568	2
2.0573	2
2.0578	2
2.0583	2
2.0588	2
2.0593	2
2.0598	2
2.0603	2
2.0608	2
2.0613	2
2.0618	2
2.0623	2
2.0628	2
2.0633	2
2.0638	2
2.0643	2
2.0648	2
2.0653	2
2.0658	2
2.0663	2
2.0668	2
2.0673	2
2.0678	2
2.0683	2
2.0688	2
2.0693	2
2.0698	2
2.0703	2
2.0708	2
2.0713	2
2.0718	2
2.0723	2
2.0728	2
2.0733	2
2.0738	2
2.0743	2
2.0748	2
2.0753	2
2.0758	2
2.0763	2
2.0768	2
2.0773	2
2.0778	2
2.0783	2
2.0788	2
2.0793	2
2.0798	2
2.0803	2
2.0808	2
2.0813	2
2.0818	2
2.0823	2
2.0828	2
2.0833	2
2.0838	2
2.0843	2
2.0848	2
2.0853	2
2.0858	2
2.0863	2
2.0868	2
2.0873	2
2.0878	2
2.0883	2
2.0888	2
2.0893	2
2.0898	2
2.0903	2
2.0908	2
2.0913	2
2.0918	2
2.0923	2
2.0928	2
2.0933	2
2.0938	2
2.0943	2
2.0948	2
2.0953	2
2.0958	2
2.0963	2
2.0968	2
2.0973	2
2.0978	2
2.0983	2
2.0988	2
2.0993	2
2.0998	2
2.1003	2
2.1008	2
2.1013	2
2.1018	2
2.1023	2
2.1028	2
2.1033	2
2.1038	2
2.1043	2
2.1048	2
2.1053	2
2.1058	2
2.1063	2
2.1068	2
2.1073	2
2.1078	2
2.1083	2
2.1088	2
2.1093	2
2.1098	2
2.1103	2
2.1108	2
2.1113	2
2.1118	2
2.1123	2
2.1128	2
2.1133	2
2.1138	2
2.1143	2
2.1148	2
2.1153	2
2.1158	2
2.1163	2
2.1168	2
2.1173	2
2.1178	2
2.1183	2
2.1188	2
2.1193	2
2.1198	2
2.1203	2
2.1208	2
2.1214	2
2.1219	2
2.1224	2
2.1229	2
2.1234	2
2.1239	2
2.1244	2
2.1249	2
2.1254	2
2.1259	2
2.1264	2
2.1269	2
2.1274	2
2.1279	2
2.1284	2
2.1289	2
2.1294	2
2.1299	2
2.1304	2
2.1309	2
2.1314	2
2.1319	2
2.1324	2
2.1329	2
2.1334	2
2.1339	2
2.1344	2
2.1349	2
2.1354	2
2.1359	2
2.1364	2
2.1369	2
2.1374	2
2.1379	2
2.1384	2
2.1389	2
2.1394	2
2.1399	2
2.1404	2
2.1409	2
2.1414	2
2.1419	2
2.1424	2
2.1429	2
2.1434	2
2.1439	2
2.1444	2
2.1449	2
2.1454	2
2.1459	2
2.1464	2
2.1469	2
2.1474	2
2.1479	2
2.1484	2
2.1489	2
2.1494	2
2.1499	2
2.1504	2
2.1509	2
2.1514	2
2.1519	2
2.1524	2
2.1529	2
2.1534	2
2.1539	2
2.1544	2
2.1549	2
2.1554	2
2.1559	2
2.1564	2
2.1569	2
2.1574	2
2.1579	2
2.1584	2
2.1589	2
2.1594	2
2.1599	2
2.1604	1
2.1609	1
2.1614	1
2.1619	1
2.1624	1
2.1629	1
2.1634	1
2.1639	1
2.1644	1
2.1649	1
2.1654	1
2.1659	1
2.1664	1
2.1669	1
2.1674	1
2.1679	1
2.1684	1
2.1689	1
2.1694	1
2.1699	1
2.1704	1
2.1709	1
2.1714	1
2.1719	1
2.1724	1
2.1729	1
2.1734	1
2.1739	1
2.1744	1
2.1749	1
2.1754	1
2.1759	1
2.1764	1
2.1769	1
2.1774	1
2.1779	1
2.1784	1
2.1789	1
2.1794	1
2.1799	1
2.1804	1
2.1809	1
2.1814	1
2.1819	1
2.1824	1
2.1829	1
2.1834	1
2.1839	1
2.1844	1
2.1849	1
2.1854	1
2.1859	1
2.1864	1
2.1869	1
2.1874	1
2.1879	1
2.1884	1
2.1889	1
2.1894	1
2.1899	1
2.1904	1
2.1909	1
2.1914	1
2.1919	1
2.1924	1
2.1929	1
2.1934	1
2.1939	1
2.1944	1
2.1949	1
2.1954	1
2.1959	1
2.1964	1
2.1969	1
2.1974	1
2.1979	1
2.1984	1
2.1989	1
2.1994	1
2.1999	1
2.2004	1
2.2009	1
2.2014	1
2.2019	1
2.2024	1
2.2029	1
2.2034	1
2.2039	1
2.2044	1
2.2049	1
2.2054	1
2.2059	1
2.2064	1
2.2069	1
2.2074	1
2.2079	1
2.2084	1
2.2089	1
2.2094	1
2.2099	1
2.2104	1
2.2109	1
2.2114	1
2.2119	1
2.2124	1
2.2129	1
2.2134	1
2.2139	1
2.2144	1
2.2149	1
2.2154	1
2.2159	1
2.2164	3
2.2169	3
2.2174	3
2.2179	3
2.2184	3
2.2189	3
2.2194	3
2.2199	3
2.2204	3
2.2209	3
2.2214	3
2.2219	3
2.2224	3
2.2229	3
2.2234	3
2.2239	3
2.2244	3
2.2249	3
2.2254	3
2.2259	3
2.2264	3
2.2269	3
2.2274	3
2.2279	3
2.2284	3
2.2289	3
2.2294	3
2.2299	3
2.2304	3
2.2309	3
2.2314	3
2.2319	3
2.2324	3
2.2329	3
2.2334	3
2.2339	3
2.2344	3
2.2349	3
2.2354	1
2.2359	1
2.2364	1
2.2369	1
2.2374	1
2.2379	1
2.2384	1
2.2389	1
2.2394	1
2.2399	1
2.2404	1
2.2409	1
2.2414	3
2.2419	3
2.2424	3
2.2429	3
2.2434	3
2.2439	3
2.2444	3
2.2449	3
2.2454	3
2.2459	3
2.2464	3
2.2469	3
2.2474	3
2.2479	3
2.2484	3
2.2489	3
2.2494	3
2.2499	3
2.2504	3
2.2509	3
2.2514	3
2.2519	3
2.2524	3
2.2529	3
2.2534	3
2.2539	3
2.2544	3
2.2549	3
2.2554	3
2.2559	3
2.2564	3
2.2569	3
2.2574	3
2.2579	3
2.2584	3
2.2589	3
2.2594	3
2.2599	3
2.2604	3
2.2609	3
2.2614	3
2.2619	3
2.2624	3
2.2629	3
2.2634	3
2.2639	3
2.2644	3
2.2649	3
2.2654	3
2.2659	3
2.2664	3
2.2669	3
2.2674	3
2.2679	3
2.2684	3
2.2689	3
2.2694	3
2.2699	3
2.2704	3
2.2709	3
2.2714	3
2.2719	3
2.2724	3
2.2729	3
2.2734	3
2.2739	3
2.2744	3
2.2749	3
2.2754	3
2.2759	3
2.2764	3
2.2769	3
2.2774	3
2.2779	3
2.2784	3
2.2789	1
2.2794	1
2.2799	1
2.2804	1
2.2809	1
2.2814	1
2.2819	1
2.2824	1
2.2829	1
2.2834	1
2.2839	1
2.2844	1
2.2849	1
2.2854	1
2.2859	1
2.2864	1
2.2869	1
2.2874	1
2.2879	1
2.2884	1
2.2889	1
2.2894	1
2.2899	1
2.2904	1
2.2909	1
2.2914	1
2.2919	1
2.2924	1
2.2929	3
2.2934	3
2.2939	3
2.2944	3
2.2949	3
2.2954	3
2.2959	3
2.2964	3
2.2969	3
2.2974	3
2.2979	3
2.2984	3
2.2989	3
2.2994	3
2.2999	3
2.3004	3
2.3009	3
2.3014	3
2.3019	3
2.3024	3
2.3029	3
2.3034	3
2.3039	3
2.3044	3
2.3049	3
2.3054	3
2.3059	3
2.3064	3
2.3069	3
2.3074	3
2.3079	3
2.3084	3
2.3089	3
2.3094	3
2.3099	3
2.3104	3
2.3109	3
2.3114	3
2.3119	3
2.3124	3
2.3129	3
2.3134	3
2.3139	3
2.3144	3
2.3149	3
2.3154	3
2.3159	3
2.3164	3
2.3169	3
2.3174	3
2.3179	3
2.3184	3
2.3189	3
2.3194	3
2.3199	3
2.3204	3
2.3209	3
2.3214	3
2.3219	3
2.3224	3
2.3229	3
2.3234	3
2.3239	3
2.3244	3
2.3249	3
2.3254	3
2.3259	3
2.3264	3
2.3269	3
2.3274	3
2.3279	3
2.3284	3
2.3289	3
2.3294	3
2.3299	3
2.3304	3
2.3309	3
2.3314	3
2.3319	3
2.3324	3
2.3329	3
2.3334	3
2.3339	3
2.3344	3
2.3349	3
2.3354	3
2.3359	3
2.3364	3
2.3369	3
2.3374	3
2.3379	3
2.3384	3
2.3389	3
2.3394	3
2.3399	3
2.3404	3
2.3409	3
2.3414	1
2.3419	1
2.3424	1
2.3429	1
2.3434	1
2.3439	3
2.3444	3
2.3449	3
2.3454	3
2.3459	3
2.3464	3
2.3469	3
2.3474	3
2.3479	3
2.3484	3
2.3489	3
2.3494	3
2.3499	3
2.3504	3
2.3509	3
2.3514	3
2.3519	3
2.3524	3
2.3529	3
2.3534	3
2.3539	3
2.3544	3
2.3549	3
2.3554	3
2.3559	3
2.3564	3
2.3569	3
2.3574	3
2.3579	3
2.3584	3
2.3589	3
2.3594	3
2.3599	3
2.3604	3
2.3609	3
2.3614	3
2.3619	3
2.3624	3
2.3629	3
2.3634	3
2.3639	3
2.3644	3
2.3649	3
2.3654	3
2.3659	3
2.3664	3
2.3669	3
2.3674	3
2.3679	3
2.3684	3
2.3689	3
2.3694	3
2.3699	3
2.3704	3
2.3709	3
2.3714	3
2.3719	3
2.3724	3
2.3729	3
2.3734	3
2.3739	3
2.3744	3
2.3749	3
2.3754	3
2.3759	3
2.3764	3
2.3769	3
2.3774	3
2.3779	3
2.3784	3
2.3789	3
2.3794	3
2.3799	3
2.3804	3
2.3809	3
2.3814	3
2.3819	3
2.3824	3
2.3829	3
2.3834	3
2.3839	3
2.3844	3
2.3849	3
2.3854	3
2.3859	3
2.3864	3
2.3869	3
2.3874	3
2.3879	3
2.3884	3
2.3889	3
2.3894	3
2.3899	3
2.3904	3
2.3909	3
2.3914	3
2.3919	3
2.3924	3
2.3929	3
2.3934	3
2.3939	3
2.3944	3
2.3949	3
2.3954	3
2.3959	3
2.3964	3
2.3969	3
2.3974	3
2.3979	3
2.3984	3
2.3989	3
2.3994	3
2.3999	3
2.4004	3
2.4009	3
2.4014	3
2.4019	3
2.4024	3
2.4029	3
2.4034	3
2.4039	3
2.4044	3
2.4049	3
2.4054	3
2.4059	3
2.4064	3
2.4069	3
2.4074	3
2.4079	3
2.4084	3
2.4089	3
2.4094	3
2.4099	3
2.4104	3
2.4109	3
2.4114	3
2.4119	3
2.4124	3
2.4129	3
2.4134	3
2.4139	3
2.4144	3
2.4149	3
2.4154	3
2.4159	3
2.4164	3
2.4169	3
2.4174	3
2.4179	3
2.4184	3
2.4189	3
2.4194	3
2.4199	3
2.4204	3
2.4209	3
2.4214	3
2.4219	3
2.4224	3
2.4229	3
2.4234	3
2.4239	3
2.4244	3
2.4249	3
2.4254	3
2.4259	3
2.4264	3
2.4269	3
2.4274	3
2.4279	3
2.4284	3
2.4289	3
2.4294	3
2.4299	3
2.4304	3
2.4309	3
2.4314	3
2.4319	3
2.4324	3
2.4329	3
2.4334	3
2.4339	3
2.4344	3
2.4349	3
2.4354	3
2.4359	3
2.4364	3
2.4369	3
2.4374	3
2.4379	3
2.4384	3
2.4389	3
2.4394	3
2.4399	3
2.4404	3
2.4409	3
2.4414	3
2.4419	3
2.4424	3
2.4429	3
2.4434	3
2.4439	3
2.4444	3
2.4449	3
2.4454	3
2.4459	3
2.4464	3
2.4469	3
2.4474	3
2.4479	1
2.4484	1
2.4489	1
2.4494	1
2.4499	1
2.4504	1
2.4509	1
2.4514	1
2.4519	1
2.4524	1
2.4529	1
2.4534	1
2.4539	1
2.4544	1
2.4549	1
2.4554	1
2.4559	1
2.4564	1
2.4569	1
2.4574	1
2.4579	1
2.4584	1
2.4589	1
2.4594	1
2.4599	1
2.4604	1
2.4609	1
2.4614	1
2.4619	1
2.4624	1
2.4629	1
2.4634	1
2.4639	1
2.4644	1
2.4649	1
2.4654	1
2.4659	1
2.4664	1
2.4669	1
2.4674	1
2.4679	1
2.4684	1
2.4689	1
2.4694	1
2.4699	1
2.4704	1
2.4709	1
2.4714	1
2.4719	1
2.4724	1
2.4729	1
2.4734	1
2.4739	1
2.4744	1
2.4749	1
2.4754	1
2.4759	1
2.4764	1
2.4769	1
2.4774	1
2.4779	1
2.4784	1
2.4789	1
2.4794	1
2.4799	1
2.4804	1
2.4809	1
2.4814	1
2.4819	1
2.4824	1
2.4829	1
2.4834	1
2.4839	1
2.4844	1
2.4849	1
2.4854	1
2.4859	1
2.4864	1
2.4869	1
2.4874	1
2.4879	1
2.4884	1
2.4889	1
2.4894	1
2.4899	1
2.4904	1
2.4909	1
2.4914	1
2.4919	1
2.4924	1
2.4929	1
2.4934	1
2.4939	1
2.4944	1
2.4949	1
2.4954	1
2.4959	1
2.4964	1
2.4969	1
2.4974	1
2.4979	1
2.4984	1
2.4989	1
2.4994	1
2.4999	1
2.5004	1
2.5009	1
2.5014	1
2.5019	1
2.5024	3
2.5029	3
2.5034	3
2.5039	3
2.5044	3
2.5049	3
2.5054	3
2.5059	3
2.5064	3
2.5069	3
2.5074	3
2.5079	2
2.5084	2
2.5089	2
2.5094	2
2.5099	2
2.5104	2
2.5109	2
2.5114	2
2.5119	2
2.5124	2
2.5129	2
2.5134	2
2.5139	2
2.5144	2
2.5149	2
2.5154	2
2.5159	2
2.5164	2
2.5169	2
2.5174	2
2.5179	2
2.5184	2
2.5189	2
2.5194	2
2.5199	2
2.5204	2
2.5209	2
2.5214	2
2.5219	2
2.5224	2
2.5229	2
2.5234	2
2.5239	2
2.5244	2
2.5249	2
2.5254	2
2.5259	2
2.5264	2
2.5269	2
2.5274	2
2.5279	2
2.5284	2
2.5289	2
2.5294	2
2.5299	2
2.5304	2
2.5309	2
2.5314	2
2.5319	2
2.5324	2
2.5329	2
2.5334	2
2.5339	2
2.5344	2
2.5349	2
2.5354	2
2.5359	2
2.5364	2
2.5369	2
2.5374	2
2.5379	2
2.5384	2
2.5389	2
2.5394	2
2.5399	2
2.5404	2
2.5409	2
2.5414	2
2.5419	2
2.5424	2
2.5429	2
2.5434	2
2.5439	2
2.5444	2
2.5449	2
2.5454	2
2.5459	2
2.5464	2
2.5469	2
2.5474	2
2.5479	2
2.5484	2
2.5489	2
2.5494	2
2.5499	2
2.5504	2
2.5509	2
2.5514	2
2.5519	2
2.5524	2
2.5529	2
2.5534	2
2.5539	2
2.5544	2
2.5549	2
2.5554	2
2.5559	2
2.5564	2
2.5569	2
2.5574	2
2.5579	2
2.5584	2
2.5589	2
2.5594	2
2.5599	2
2.5604	2
2.5609	2
2.5614	2
2.5619	2
2.5624	2
2.5629	2
2.5634	2
2.5639	2
2.5644	2
2.5649	2
2.5654	2
2.5659	2
2.5664	2
2.5669	2
2.5674	2
2.5679	2
2.5684	2
2.5689	2
2.5694	2
2.5699	2
2.5704	2
2.5709	2
2.5714	2
2.5719	2
2.5724	2
2.5729	2
2.5734	2
2.5739	2
2.5744	2
2.5749	2
2.5754	2
2.5759	2
2.5764	2
2.5769	2
2.5774	2
2.5779	2
2.5784	2
2.5789	2
2.5794	2
2.5799	2
2.5804	2
2.5809	2
2.5814	2
2.5819	2
2.5824	2
2.5829	2
2.5834	2
2.5839	2
2.5844	2
2.5849	2
2.5854	2
2.5859	2
2.5864	2
2.5869	2
2.5874	2
2.5879	2
2.5884	2
2.5889	2
2.5894	2
2.5899	2
2.5904	2
2.5909	2
2.5914	2
2.5919	2
2.5924	2
2.5929	2
2.5934	2
2.5939	2
2.5944	2
2.5949	2
2.5954	2
2.5959	2
2.5964	2
2.5969	2
2.5974	2
2.5979	2
2.5984	2
2.5989	2
2.5994	2
2.5999	2
2.6004	2
2.6009	2
2.6014	2
2.6019	2
2.6024	2
2.6029	2
2.6034	2
2.6039	2
2.6044	2
2.6049	2
2.6054	2
2.6059	2
2.6064	2
2.6069	2
2.6074	2
2.6079	2
2.6084	2
2.6089	2
2.6094	2
2.6099	2
2.6104	2
2.6109	2
2.6114	2
2.6119	2
2.6124	2
2.6129	2
2.6134	2
2.6139	2
2.6144	2
2.6149	2
2.6154	2
2.6159	2
2.6164	2
2.6169	2
2.6174	2
2.6179	2
2.6184	2
2.6189	2
2.6194	2
2.6199	2
2.6204	2
2.6209	2
2.6214	2
2.6219	2
2.6224	2
2.6229	2
2.6234	2
2.6239	2
2.6244	2
2.6249	2
2.6254	2
2.6259	2
2.6264	2
2.6269	2
2.6274	2
2.6279	2
2.6284	2
2.6289	2
2.6294	2
2.6299	2
2.6304	2
2.6309	2
2.6314	2
2.6319	2
2.6324	2
2.6329	2
2.6334	2
2.6339	2
2.6344	2
2.6349	2
2.6354	2
2.6359	2
2.6364	2
2.6369	2
2.6374	2
2.6379	2
2.6384	2
2.6389	2
2.6394	2
2.6399	2
2.6404	2
2.6409	2
2.6414	2
2.6419	2
2.6424	2
2.6429	2
2.6434	2
2.6439	2
2.6444	2
2.6449	2
2.6454	2
2.6459	2
2.6464	2
2.6469	2
2.6474	2
2.6479	2
2.6484	2
2.6489	2
2.6494	2
2.6499	2
2.6504	2
2.6509	2
2.6514	2
2.6519	2
2.6524	2
2.6529	2
2.6534	2
2.6539	2
2.6544	2
2.6549	2
2.6554	2
2.6559	2
2.6564	2
2.6569	2
2.6574	2
2.6579	2
2.6584	2
2.6589	2
2.6594	2
2.6599	2
2.6604	2
2.6609	2
2.6614	2
2.6619	2
2.6624	2
2.6629	2
2.6634	2
2.6639	2
2.6644	2
2.6649	2
2.6654	2
2.6659	2
2.6664	2
2.6669	2
2.6674	2
2.6679	2
2.6684	2
2.6689	2
2.6694	2
2.6699	2
2.6704	2
2.6709	2
2.6714	2
2.6719	2
2.6724	2
2.6729	2
2.6734	2
2.6739	2
2.6744	2
2.6749	2
2.6754	2
2.6759	2
2.6764	2
2.6769	2
2.6774	2
2.6779	2
2.6784	2
2.6789	2
2.6794	2
2.6799	2
2.6804	2
2.6809	2
2.6814	2
2.6819	2
2.6824	2
2.6829	2
2.6834	2
2.6839	2
2.6844	2
2.6849	2
2.6854	2
2.6859	2
2.6864	2
2.6869	2
2.6874	2
2.6879	2
2.6884	2
2.6889	2
2.6894	2
2.6899	2
2.6904	2
2.6909	2
2.6914	2
2.6919	2
2.6924	2
2.6929	2
2.6934	2
2.6939	2
2.6944	2
2.6949	2
2.6954	2
2.6959	2
2.6964	2
2.6969	2
2.6974	2
2.6979	2
2.6984	2
2.6989	2
2.6994	2
2.6999	2
2.7004	2
2.7009	2
2.7014	2
2.7019	2
2.7024	2
2.7029	2
2.7034	2
2.7039	2
2.7044	2
2.7049	2
2.7054	2
2.7059	2
2.7064	2
2.7069	2
2.7074	2
2.7079	2
2.7084	2
2.7089	2
2.7094	2
2.7099	2
2.7104	2
2.7109	2
2.7114	2
2.7119	2
2.7124	2
2.7129	2
2.7134	2
2.7139	2
2.7144	2
2.7149	2
2.7154	2
2.7159	2
2.7164	2
2.7169	2
2.7174	2
2.7179	2
2.7184	2
2.7189	2
2.7194	2
2.7199	2
2.7204	2
2.7209	2
2.7214	2
2.7219	2
2.7224	2
2.7229	2
2.7234	2
2.7239	2
2.7244	2
2.7249	2
2.7254	2
2.7259	2
2.7264	2
2.7269	2
2.7275	2
2.728	2
2.7285	2
2.729	2
2.7295	2
2.73	2
2.7305	2
2.731	2
2.7315	2
2.732	2
2.7325	2
2.733	2
2.7335	2
2.734	2
2.7345	2
2.735	2
2.7355	2
2.736	2
2.7365	2
2.737	2
2.7375	2
2.738	2
2.7385	2
2.739	2
2.7395	2
2.74	2
2.7405	2
2.741	2
2.7415	2
2.742	2
2.7425	2
2.743	2
2.7435	2
2.744	2
2.7445	2
2.745	2
2.7455	2
2.746	2
2.7465	2
2.747	2
2.7475	2
2.748	2
2.7485	2
2.749	2
2.7495	2
2.75	2
2.7505	2
2.751	2
2.7515	2
2.752	2
2.7525	2
2.753	2
2.7535	2
2.754	2
2.7545	2
2.755	2
2.7555	2
2.756	2
2.7565	2
2.757	2
2.7575	2
2.758	2
2.7585	2
2.759	2
2.7595	2
2.76	2
2.7605	2
2.761	2
2.7615	2
2.762	2
2.7625	2
2.763	2
2.7635	2
2.764	2
2.7645	2
2.765	2
2.7655	2
2.766	2
2.7665	2
2.767	2
2.7675	2
2.768	2
2.7685	2
2.769	2
2.7695	2
2.77	2
2.7705	2
2.771	2
2.7715	2
2.772	2
2.7725	2
2.773	2
2.7735	2
2.774	2
2.7745	2
2.775	2
2.7755	2
2.776	2
2.7765	2
2.777	2
2.7775	2
2.778	2
2.7785	2
2.779	2
2.7795	2
2.78	2
2.7805	2
2.781	2
2.7815	2
2.782	2
2.7825	2
2.783	2
2.7835	2
2.784	2
2.7845	2
2.785	2
2.7855	2
2.786	2
2.7865	2
2.787	2
2.7875	2
2.788	2
2.7885	2
2.789	2
2.7895	2
2.79	2
2.7905	2
2.791	2
2.7915	2
2.792	2
2.7925	2
2.793	2
2.7935	2
2.794	2
2.7945	2
2.795	2
2.7955	2
2.796	2
2.7965	2
2.797	2
2.7975	2
2.798	2
2.7985	2
2.799	2
2.7995	2
2.8	2
2.8005	2
2.801	2
2.8015	2
2.802	2
2.8025	2
2.803	2
2.8035	2
2.804	2
2.8045	2
2.805	2
2.8055	2
2.806	2
2.8065	2
2.807	2
2.8075	2
2.808	2
2.8085	2
2.809	2
2.8095	2
2.81	2
2.8105	2
2.811	2
2.8115	2
2.812	2
2.8125	2
2.813	2
2.8135	2
2.814	2
2.8145	2
2.815	2
2.8155	2
2.816	2
2.8165	2
2.817	2
2.8175	2
2.818	2
2.8185	2
2.819	2
2.8195	2
2.82	2
2.8205	2
2.821	2
2.8215	2
2.822	2
2.8225	2
2.823	2
2.8235	2
2.824	2
2.8245	2
2.825	2
2.8255	2
2.826	2
2.8265	1
2.827	1
2.8275	1
2.828	1
2.8285	1
2.829	1
2.8295	1
2.83	1
2.8305	1
2.831	1
2.8315	1
2.832	1
2.8325	1
2.833	1
2.8335	1
2.834	1
2.8345	1
2.835	1
2.8355	1
2.836	1
2.8365	1
2.837	1
2.8375	1
2.838	1
2.8385	1
2.839	1
2.8395	1
2.84	1
2.8405	1
2.841	1
2.8415	1
2.842	1
2.8425	1
2.843	1
2.8435	1
2.844	1
2.8445	1
2.845	1
2.8455	1
2.846	1
2.8465	1
2.847	1
2.8475	1
2.848	1
2.8485	1
2.849	1
2.8495	1
2.85	1
2.8505	1
2.851	1
2.8515	1
2.852	1
2.8525	1
2.853	1
2.8535	1
2.854	1
2.8545	1
2.855	1
2.8555	1
2.856	1
2.8565	1
2.857	1
2.8575	1
2.858	1
2.8585	1
2.859	1
2.8595	3
2.86	3
2.8605	3
2.861	3
2.8615	3
2.862	3
2.8625	3
2.863	3
2.8635	3
2.864	3
2.8645	3
2.865	3
2.8655	3
2.866	3
2.8665	3
2.867	3
2.8675	3
2.868	3
2.8685	3
2.869	3
2.8695	3
2.87	3
2.8705	3
2.871	1
2.8715	1
2.872	1
2.8725	1
2.873	1
2.8735	1
2.874	1
2.8745	1
2.875	1
2.8755	1
2.876	1
2.8765	1
2.877	1
2.8775	1
2.878	1
2.8785	1
2.879	1
2.8795	1
2.88	1
2.8805	1
2.881	1
2.8815	1
2.882	1
2.8825	1
2.883	1
2.8835	1
2.884	1
2.8845	1
2.885	1
2.8855	1
2.886	1
2.8865	1
2.887	1
2.8875	1
2.888	1
2.8885	1
2.889	1
2.8895	1
2.89	1
2.8905	1
2.891	1
2.8915	1
2.892	1
2.8925	1
2.893	1
2.8935	1
2.894	1
2.8945	1
2.895	1
2.8955	1
2.896	1
2.8965	1
2.897	1
2.8975	1
2.898	1
2.8985	1
2.899	1
2.8995	1
2.9	1
2.9005	1
2.901	1
2.9015	1
2.902	1
2.9025	1
2.903	1
2.9035	1
2.904	1
2.9045	1
2.905	1
2.9055	1
2.906	1
2.9065	1
2.907	1
2.9075	1
2.908	1
2.9085	1
2.909	1
2.9095	1
2.91	1
2.9105	1
2.911	1
2.9115	1
2.912	1
2.9125	1
2.913	1
2.9135	1
2.914	1
2.9145	1
2.915	1
2.9155	1
2.916	1
2.9165	1
2.917	1
2.9175	1
2.918	1
2.9185	1
2.919	1
2.9195	1
2.92	1
2.9205	3
2.921	3
2.9215	3
2.922	3
2.9225	3
2.923	3
2.9235	3
2.924	3
2.9245	3
2.925	3
2.9255	3
2.926	3
2.9265	3
2.927	3
2.9275	3
2.928	3
2.9285	3
2.929	3
2.9295	3
2.93	3
2.9305	3
2.931	3
2.9315	3
2.932	3
2.9325	3
2.933	3
2.9335	3
2.934	3
2.9345	3
2.935	3
2.9355	3
2.936	3
2.9365	3
2.937	3
2.9375	3
2.938	3
2.9385	3
2.939	3
2.9395	3
2.94	3
2.9405	3
2.941	3
2.9415	3
2.942	3
2.9425	3
2.943	3
2.9435	1
2.944	1
2.9445	1
2.945	1
2.9455	1
2.946	1
2.9465	1
2.947	1
2.9475	1
2.948	1
2.9485	1
2.949	1
2.9495	1
2.95	1
2.9505	1
2.951	1
2.9515	1
2.952	1
2.9525	1
2.953	1
2.9535	1
2.954	1
2.9545	1
2.955	1
2.9555	1
2.956	1
2.9565	1
2.957	1
2.9575	1
2.958	1
2.9585	1
2.959	1
2.9595	1
2.96	1
2.9605	1
2.961	1
2.9615	1
2.962	1
2.9625	1
2.963	1
2.9635	1
2.964	2
2.9645	2
2.965	2
2.9655	2
2.966	2
2.9665	2
2.967	2
2.9675	2
2.968	2
2.9685	2
2.969	2
2.9695	2
2.97	2
2.9705	2
2.971	2
2.9715	2
2.972	2
2.9725	2
2.973	2
2.9735	2
2.974	2
2.9745	2
2.975	2
2.9755	2
2.976	2
2.9765	2
2.977	2
2.9775	2
2.978	2
2.9785	2
2.979	2
2.9795	2
2.98	2
2.9805	2
2.981	2
2.9815	2
2.982	2
2.9825	2
2.983	2
2.9835	2
2.984	2
2.9845	2
2.985	2
2.9855	2
2.986	2
2.9865	2
2.987	2
2.9875	2
2.988	2
2.9885	2
2.989	2
2.9895	2
2.99	2
2.9905	2
2.991	2
2.9915	2
2.992	2
2.9925	2
2.993	2
2.9935	2
2.994	2
2.9945	2
2.995	2
2.9955	2
2.996	2
2.9965	2
2.997	2
2.9975	2
2.998	2
2.9985	2
2.999	2
2.9995	2
3	2
3.0005	2
3.001	2
3.0015	2
3.002	2
3.0025	2
3.003	2
3.0035	2
3.004	2
3.0045	2
3.005	2
3.0055	2
3.006	2
3.0065	2
3.007	2
3.0075	2
3.008	2
3.0085	2
3.009	2
3.0095	2
3.01	2
3.0105	2
3.011	2
3.0115	2
3.012	2
3.0125	2
3.013	2
3.0135	2
3.014	2
3.0145	2
3.015	2
3.0155	2
3.016	2
3.0165	2
3.017	2
3.0175	2
3.018	2
3.0185	2
3.019	2
3.0195	2
3.02	2
3.0205	2
3.021	2
3.0215	1
3.022	1
3.0225	1
3.023	1
3.0235	1
3.024	1
3.0245	1
3.025	1
3.0255	1
3.026	1
3.0265	1
3.027	1
3.0275	1
3.028	1
3.0285	1
3.029	1
3.0295	1
3.03	0
